#F /SNSlocal/REF_L/2007_1_4B_SCI/2894/NeXus/REF_L_2894.nxs
#E 1174593288.0
#D 2007-03-22 15:54:47
#C Run Number: 2894
#C Title: MK NR4 dry 032007_No1Rep0
#C Notes: MK NR 4 DU 53 dry from air
#C Detector Angle: (0.0, 'degree')
#C Proton Charge: 39.3004722595

#S 1 Spectrum ID ('bank1', (87, 152))
#N 3
#L time_of_flight(microsecond) data() Sigma()
0.0   0.232944122529   0.119331648103
200.0   1.91918805056   2.58524462018
400.0   -0.350460666194   1.85061604292
600.0   inf   nan
800.0   -inf   nan
1000.0   2.0   0.0652096874013
1200.0   -inf   nan
1400.0   -0.0   0.0
1600.0   inf   nan
1800.0   nan   nan
2000.0   -0.850460666194   1.85062566107
2200.0   -inf   nan
2400.0   -inf   nan
2600.0   inf   nan
2800.0   inf   nan
3000.0   -0.0   0.0
3200.0   nan   nan
3400.0   -inf   nan
3600.0   nan   nan
3800.0   nan   nan
4000.0   nan   nan
4200.0   inf   nan
4400.0   -inf   nan
4600.0   nan   nan
4800.0   nan   nan
5000.0   -0.540405974722   0.540501714997
5200.0   -0.0600451083025   0.020046926946
5400.0   0.0   0.0
5600.0   0.0174035340305   0.017555734579
5800.0   0.00454191907436   0.0098933614133
6000.0   -0.0114819598265   0.000902758952678
6200.0   0.00938525166104   0.00791314637357
6400.0   0.00372997663066   0.0046899350804
6600.0   0.00663541162252   0.00504267193927
6800.0   0.00375750841985   0.00270612015687
7000.0   0.00172815806772   0.00231008422272
7200.0   0.00295489361067   0.00216516109624
7400.0   0.000526941363858   0.00137336256842
7600.0   0.000309488622797   0.00126259443913
7800.0   0.000715081870868   0.00119139063859
8000.0   0.00239293711531   0.00122045814309
8200.0   0.0021126857774   0.00111846517959
8400.0   0.00380025821026   0.00122563890746
8600.0   0.00516599355899   0.00127546561971
8800.0   0.00674135486835   0.00131780720011
9000.0   0.00834999580855   0.0014090212527
9200.0   0.0115616406262   0.00155175075014
9400.0   0.0134092346424   0.00161963707555
9600.0   0.0160872504484   0.00170145260864
9800.0   0.0157762863074   0.00180321688379
10000.0   0.0206501408237   0.00200552342466
10200.0   0.0230134187375   0.00213228517572
10400.0   0.0315889266775   0.00243275229139
10600.0   0.0270070734511   0.00238739504026
10800.0   0.0369687027586   0.00278419470811
11000.0   0.0395506860046   0.00284544351355
11200.0   0.046679114653   0.00305968673247
11400.0   0.0531138042285   0.00333935171415
11600.0   0.0598052023357   0.00347970499119
11800.0   0.0743545193384   0.00383874011892
12000.0   0.077819273916   0.00397257004685
12200.0   0.0789757160515   0.00408038501769
12400.0   0.0908826934185   0.0043326744217
12600.0   0.0972695766364   0.00455707277842
12800.0   0.107427604567   0.00482783897946
13000.0   0.115174576071   0.0049610848147
13200.0   0.12639495069   0.00533094992049
13400.0   0.139460024812   0.00552227891875
13600.0   0.150895838915   0.00572566639011
13800.0   0.158614721091   0.00594851645494
14000.0   0.168823781049   0.00619620150802
14200.0   0.179577698749   0.00646242338303
14400.0   0.198309050027   0.00679549632192
14600.0   0.201032961001   0.00705919293911
14800.0   0.220625585223   0.00742808911492
15000.0   0.228235314548   0.00768269639237
15200.0   0.226164777771   0.00791286748724
15400.0   0.266880296644   0.00861990970963
15600.0   0.280759667767   0.00855802812251
15800.0   0.278312009758   0.00832681945913
16000.0   0.292761220056   0.00861107013455
16200.0   0.306402688552   0.00872806735593
16400.0   0.328010818463   0.00913573923412
16600.0   0.348676990559   0.00953224306555
16800.0   0.357333751905   0.00976745574414
17000.0   0.36970174504   0.0100897144617
17200.0   0.400561134323   0.0105685459056
17400.0   0.407428358292   0.0108919141086
17600.0   0.418792784521   0.0111794035408
17800.0   0.483738617048   0.0124682675164
18000.0   0.472762132407   0.011945137833
18200.0   0.49977591648   0.0125033470532
18400.0   0.508380603404   0.0126746173479
18600.0   0.552002636647   0.0136674669451
18800.0   0.529801963476   0.0132557126301
19000.0   0.571597154576   0.014513595406
19200.0   0.609128329762   0.0152416676688
19400.0   0.632132562188   0.0157939434358
19600.0   0.652876908301   0.0161897961932
19800.0   0.648033490632   0.0165666519516
20000.0   0.677421326173   0.0173199578559
20200.0   0.70146095598   0.0178603220187
20400.0   0.721576774279   0.0185191468145
20600.0   0.749556623403   0.0192630428795
20800.0   0.805847199942   0.0209123078307
21000.0   0.780406169825   0.0205861680905
21200.0   0.867811440819   0.0229261235232
21400.0   0.875517768642   0.0232109980107
21600.0   0.872650254617   0.0230855271819
21800.0   0.919243476848   0.0246882646487
22000.0   0.950484446057   0.0264024107105
22200.0   0.949114315165   0.0258432370055
22400.0   0.991358269399   0.0273919508405
22600.0   1.00531306811   0.0280977252135
22800.0   1.03201816306   0.0291575936071
23000.0   1.09340908539   0.0316450201988
23200.0   1.02863244173   0.0293897183681
23400.0   1.08343696368   0.0319203447053
23600.0   1.1813418433   0.0347567685638
23800.0   1.21888026341   0.0360539485998
24000.0   1.20866311575   0.0366534692202
24200.0   1.20850573016   0.0364420417365
24400.0   1.28231484164   0.0399382478167
24600.0   1.37838361304   0.0430523720334
24800.0   1.33830799214   0.0418794040438
25000.0   1.35064142738   0.0425643817234
25200.0   1.42827312796   0.0459612883524
25400.0   1.48365669317   0.0485305954866
25600.0   1.44260784501   0.0475054454481
25800.0   1.50995345572   0.0498876317361
26000.0   1.74202458902   0.0592473572758
26200.0   1.60310385288   0.0546914821115
26400.0   1.55534311612   0.0538644564543
26600.0   1.6827334725   0.0588545138328
26800.0   1.73576594874   0.0617730702829
27000.0   1.8277866521   0.0665593895586
27200.0   1.9461716106   0.0720348236758
27400.0   1.84067192079   0.0678853942034
27600.0   1.80546900547   0.0676042995426
27800.0   1.80877208776   0.0680061656269
28000.0   1.92115639282   0.0739613299275
28200.0   2.00474356647   0.0790807776687
28400.0   2.00374552957   0.0772593988348
28600.0   2.0651885338   0.0834655116953
28800.0   2.15398671048   0.0864656058714
29000.0   2.16423155206   0.0888590541659
29200.0   2.03151587555   0.0832312158419
29400.0   2.35637746325   0.0994587891305
29600.0   2.26521666962   0.0979741600211
29800.0   2.25927836695   0.0976358173935
30000.0   2.3128473818   0.101519283551
30200.0   2.43452690068   0.111000137381
30400.0   2.44250442508   0.111052994505
30600.0   2.52018903519   0.115573026994
30800.0   2.46948696657   0.114559451088
31000.0   2.52972219753   0.118563165896
31200.0   2.78787405827   0.133461454876
31400.0   2.66648330497   0.131308404693
31600.0   2.76654501076   0.136966582046
31800.0   2.83138149778   0.142698403037
32000.0   2.79609944153   0.139199953988
32200.0   3.0298547114   0.15597299638
32400.0   3.09019135046   0.161754533745
32600.0   2.94498408931   0.154716810147
32800.0   3.07650006333   0.163924445361
33000.0   2.80805214165   0.150298924505
33200.0   3.08468007166   0.176552071757
33400.0   3.2034653058   0.178892127797
33600.0   3.2718613077   0.183710574217
33800.0   3.41140790076   0.195002642394
34000.0   3.3568867872   0.194151007538
34200.0   3.38020092418   0.199544567851
34400.0   3.21142362004   0.190388863481
34600.0   3.32414712203   0.203877550232
34800.0   3.20750391343   0.190212220607
35000.0   3.05622906172   0.179697548314
35200.0   4.04982008552   0.264493401657
35400.0   3.68571547643   0.238778006129
35600.0   3.67270457354   0.240431914994
35800.0   3.65045889069   0.23748299884
36000.0   4.26231197498   0.28764875064
36200.0   3.86036016606   0.259074674337
36400.0   4.34920727415   0.307248443094
36600.0   4.04963650847   0.278117668485
36800.0   4.13931236541   0.292495133722
37000.0   4.14240484316   0.290119756654
37200.0   3.95713890543   0.279221629666
37400.0   4.24994793639   0.305283681239
37600.0   3.96665427578   0.290113994571
37800.0   4.96178226305   0.389309285562
38000.0   4.80272229483   0.365927038026
38200.0   4.20949202629   0.313461093549
38400.0   5.02712650259   0.40944642136
38600.0   5.40422689875   0.455061689129
38800.0   4.46599273599   0.346180362456
39000.0   5.55233530239   0.471224411481
39200.0   4.4484598219   0.358129197099
39400.0   4.61822005078   0.391566287656
39600.0   5.22645061435   0.44718841034
39800.0   4.63962511436   0.387588635419
40000.0   5.26877899324   0.461271042255
40200.0   5.13486677811   0.461882910673
40400.0   5.54084485179   0.503069176774
40600.0   5.63688929645   0.515427477176
40800.0   5.59507092347   0.523277382411
41000.0   6.14080278981   0.590589362968
41200.0   5.71431017144   0.540557663915
41400.0   6.28927508626   0.637472811972
41600.0   5.51140800014   0.52809181246
41800.0   6.05320053385   0.601992820525
42000.0   5.95793623785   0.586882581019
42200.0   7.33357708551   0.790393813027
42400.0   5.98333633816   0.603276456925
42600.0   6.67043419294   0.700406541215
42800.0   7.04686221485   0.742645264133
43000.0   6.52862996214   0.7141389367
43200.0   8.22399112127   0.965547096175
43400.0   6.05964560111   0.651329488809
43600.0   7.40692863719   0.810265482667
43800.0   7.25362706337   0.835189277911
44000.0   7.35748867475   0.853924473434
44200.0   7.11015983607   0.821972143451
44400.0   6.25838070462   0.690088953136
44600.0   7.44323895019   0.901209169154
44800.0   7.67130115425   0.93622084594
45000.0   8.10794358326   1.00659603119
45200.0   6.78994090704   0.78479120192
45400.0   7.75499045781   0.999969070854
45600.0   6.91422761768   0.841006257926
45800.0   7.20655883782   0.920248554796
46000.0   7.76202352709   1.02760434179
46200.0   7.97855276693   1.08027153979
46400.0   7.07353846396   0.894296294407
46600.0   8.40591985691   1.10395798736
46800.0   10.6528996186   1.65330631281
47000.0   8.2151715521   1.11480319274
47200.0   7.53411263254   0.973279925001
47400.0   8.96955904201   1.2482153954
47600.0   9.43829784281   1.34591805284
47800.0   11.6244255736   1.87146831321
48000.0   10.5726382952   1.72955797532
48200.0   9.19820348624   1.39190590681
48400.0   11.1716648586   1.81192431022
48600.0   10.1795947807   1.53324329495
48800.0   7.94081111299   1.10729824604
49000.0   12.4414123894   2.14304165402
49200.0   12.6300355284   2.20446687315
49400.0   13.3991226584   2.42071111893
49600.0   12.0500388567   2.00989138095
49800.0   9.46300549466   1.49322046623
50000.0   12.1820173802   2.14404238453
50200.0   12.1054602648   2.10164489886
50400.0   9.90273667647   1.62416969737
50600.0   12.8386888992   2.3053103064
50800.0   16.5262034622   3.3756342764
51000.0   12.4587416759   2.32784147817
51200.0   12.4554347646   2.23909116397
51400.0   8.97613885546   1.39605670412
51600.0   9.98673192566   1.64684292645
51800.0   14.115137314   2.81419017332
52000.0   14.3008224294   2.79886898123
52200.0   16.785567769   3.53045156303
52400.0   9.45322086971   1.56285010538
52600.0   15.9250122956   3.35576821374
52800.0   13.6790961617   2.61077849096
53000.0   22.3079276987   5.53842747392
53200.0   14.107273406   2.83901302283
53400.0   14.3754355906   2.73854032952
53600.0   10.7170230022   1.92215639509
53800.0   18.9103530518   4.13767025445
54000.0   22.1772035555   5.67631449819
54200.0   18.9068275306   4.45583326001
54400.0   32.3368293904   9.10676881551
54600.0   16.1143357554   3.25970992952
54800.0   16.6182653018   3.60916814477
55000.0   18.4122598191   3.90215971718
55200.0   18.8729797013   4.33064295445
55400.0   17.3183023663   3.67863384277
55600.0   22.4668969667   5.41873218492
55800.0   32.1337154972   8.88999497184
56000.0   27.2612792034   7.16710397551
56200.0   26.9765990042   7.09367595232
56400.0   34.7365626175   9.97666592842
56600.0   21.5647261586   5.06076946711
56800.0   25.0425878922   6.10927338439
57000.0   19.2094695519   4.4059830244
57200.0   18.8459594025   4.32475546216
57400.0   19.3594695519   4.43953302213
57600.0   19.0594695519   4.37243288891
57800.0   26.799242217   7.29508903965
58000.0   27.552128358   7.49614762645
58200.0   27.6042567161   7.51017335439
58400.0   19.7882995021   4.78080734199
58600.0   42.1686662441   15.1201033817
58800.0   36.7648985063   11.7837081942
59000.0   14.5969476962   3.14628545616
59200.0   18.2364898506   4.18819510445
59400.0   46.796804162   17.2995811858
59600.0   28.8108164177   8.46018360863
59800.0   22.7925610057   6.12081844927
60000.0   26.3431668653   7.92283358873
60200.0   27.1887526548   8.55374018168
60400.0   28.5454545455   8.75623637369
60600.0   26.8181818182   8.23536198824
60800.0   33.125   11.8869183612
61000.0   24.188319297   7.81919383499
61200.0   20.25   5.9882697835
61400.0   16.9166666667   5.02568633603
61600.0   36.2169414241   16.452287067
61800.0   32.3459594025   14.687825571
62000.0   22.5   9.38749167776
62200.0   27.5   13.9977676792
62400.0   46.2482010406   38.1630987006
62600.0   23.2432656709   13.7062364106
62800.0   12.3333333333   7.40370277731
63000.0   12.3321962739   17.391356945
63200.0   inf   nan
63400.0   -inf   nan
63600.0   nan   nan
63800.0   nan   nan
64000.0   nan   nan
64200.0   -inf   nan
64400.0   -inf   nan
64600.0   inf   nan
64800.0   nan   nan
65000.0   nan   nan
65200.0   nan   nan
65400.0   -inf   nan
65600.0   nan   nan
65800.0   nan   nan
66000.0   -inf   nan
66200.0   nan   nan
66400.0   -inf   nan
66600.0   nan   nan
66800.0   nan   nan
67000.0   nan   nan
67200.0   nan   nan
67400.0   nan   nan
67600.0   nan   nan
67800.0   nan   nan
68000.0   nan   nan
68200.0   nan   nan
68400.0   nan   nan
68600.0   nan   nan
68800.0   nan   nan
69000.0   nan   nan
69200.0   nan   nan
69400.0   nan   nan
69600.0   nan   nan
69800.0   nan   nan
70000.0   nan   nan
70200.0   nan   nan
70400.0   nan   nan
70600.0   nan   nan
70800.0   nan   nan
71000.0   nan   nan
71200.0   nan   nan
71400.0   nan   nan
71600.0   nan   nan
71800.0   nan   nan
72000.0   nan   nan
72200.0   nan   nan
72400.0   nan   nan
72600.0   nan   nan
72800.0   nan   nan
73000.0   nan   nan
73200.0   nan   nan
73400.0   nan   nan
73600.0   nan   nan
73800.0   nan   nan
74000.0   nan   nan
74200.0   nan   nan
74400.0   nan   nan
74600.0   nan   nan
74800.0   nan   nan
75000.0   nan   nan
75200.0   nan   nan
75400.0   nan   nan
75600.0   nan   nan
75800.0   nan   nan
76000.0   nan   nan
76200.0   nan   nan
76400.0   nan   nan
76600.0   nan   nan
76800.0   nan   nan
77000.0   nan   nan
77200.0   nan   nan
77400.0   nan   nan
77600.0   nan   nan
77800.0   nan   nan
78000.0   nan   nan
78200.0   nan   nan
78400.0   nan   nan
78600.0   nan   nan
78800.0   nan   nan
79000.0   nan   nan
79200.0   nan   nan
79400.0   nan   nan
79600.0   nan   nan
79800.0   nan   nan
80000.0   nan   nan
80200.0   nan   nan
80400.0   nan   nan
80600.0   nan   nan
80800.0   nan   nan
81000.0   nan   nan
81200.0   nan   nan
81400.0   nan   nan
81600.0   nan   nan
81800.0   nan   nan
82000.0   nan   nan
82200.0   nan   nan
82400.0   nan   nan
82600.0   nan   nan
82800.0   nan   nan
83000.0   nan   nan
83200.0   nan   nan
83400.0   nan   nan
83600.0   nan   nan
83800.0   nan   nan
84000.0   nan   nan
84200.0   nan   nan
84400.0   nan   nan
84600.0   nan   nan
84800.0   nan   nan
85000.0   nan   nan
85200.0   nan   nan
85400.0   nan   nan
85600.0   nan   nan
85800.0   nan   nan
86000.0   nan   nan
86200.0   nan   nan
86400.0   nan   nan
86600.0   nan   nan
86800.0   nan   nan
87000.0   nan   nan
87200.0   nan   nan
87400.0   nan   nan
87600.0   nan   nan
87800.0   nan   nan
88000.0   nan   nan
88200.0   nan   nan
88400.0   nan   nan
88600.0   nan   nan
88800.0   nan   nan
89000.0   nan   nan
89200.0   nan   nan
89400.0   nan   nan
89600.0   nan   nan
89800.0   nan   nan
90000.0   nan   nan
90200.0   nan   nan
90400.0   nan   nan
90600.0   nan   nan
90800.0   nan   nan
91000.0   nan   nan
91200.0   nan   nan
91400.0   nan   nan
91600.0   nan   nan
91800.0   nan   nan
92000.0   nan   nan
92200.0   nan   nan
92400.0   nan   nan
92600.0   nan   nan
92800.0   nan   nan
93000.0   nan   nan
93200.0   nan   nan
93400.0   nan   nan
93600.0   nan   nan
93800.0   nan   nan
94000.0   nan   nan
94200.0   nan   nan
94400.0   nan   nan
94600.0   nan   nan
94800.0   nan   nan
95000.0   nan   nan
95200.0   nan   nan
95400.0   nan   nan
95600.0   nan   nan
95800.0   nan   nan
96000.0   nan   nan
96200.0   nan   nan
96400.0   nan   nan
96600.0   nan   nan
96800.0   nan   nan
97000.0   nan   nan
97200.0   nan   nan
97400.0   nan   nan
97600.0   nan   nan
97800.0   nan   nan
98000.0   nan   nan
98200.0   nan   nan
98400.0   nan   nan
98600.0   nan   nan
98800.0   nan   nan
99000.0   nan   nan
99200.0   nan   nan
99400.0   nan   nan
99600.0   nan   nan
99800.0   nan   nan
100000.0   nan   nan
100200.0   nan   nan
100400.0   nan   nan
100600.0   nan   nan
100800.0   nan   nan
101000.0   nan   nan
101200.0   nan   nan
101400.0   nan   nan
101600.0   nan   nan
101800.0   nan   nan
102000.0   nan   nan
102200.0   nan   nan
102400.0   nan   nan
102600.0   nan   nan
102800.0   nan   nan
103000.0   nan   nan
103200.0   nan   nan
103400.0   nan   nan
103600.0   nan   nan
103800.0   nan   nan
104000.0   nan   nan
104200.0   nan   nan
104400.0   nan   nan
104600.0   nan   nan
104800.0   nan   nan
105000.0   nan   nan
105200.0   nan   nan
105400.0   nan   nan
105600.0   nan   nan
105800.0   nan   nan
106000.0   nan   nan
106200.0   nan   nan
106400.0   nan   nan
106600.0   nan   nan
106800.0   nan   nan
107000.0   nan   nan
107200.0   nan   nan
107400.0   nan   nan
107600.0   nan   nan
107800.0   nan   nan
108000.0   nan   nan
108200.0   nan   nan
108400.0   nan   nan
108600.0   nan   nan
108800.0   nan   nan
109000.0   nan   nan
109200.0   nan   nan
109400.0   nan   nan
109600.0   nan   nan
109800.0   nan   nan
110000.0   nan   nan
110200.0   nan   nan
110400.0   nan   nan
110600.0   nan   nan
110800.0   nan   nan
111000.0   nan   nan
111200.0   nan   nan
111400.0   nan   nan
111600.0   nan   nan
111800.0   nan   nan
112000.0   nan   nan
112200.0   nan   nan
112400.0   nan   nan
112600.0   nan   nan
112800.0   nan   nan
113000.0   nan   nan
113200.0   nan   nan
113400.0   nan   nan
113600.0   nan   nan
113800.0   nan   nan
114000.0   nan   nan
114200.0   nan   nan
114400.0   nan   nan
114600.0   nan   nan
114800.0   nan   nan
115000.0   nan   nan
115200.0   nan   nan
115400.0   nan   nan
115600.0   nan   nan
115800.0   nan   nan
116000.0   nan   nan
116200.0   nan   nan
116400.0   nan   nan
116600.0   nan   nan
116800.0   nan   nan
117000.0   nan   nan
117200.0   nan   nan
117400.0   nan   nan
117600.0   nan   nan
117800.0   nan   nan
118000.0   nan   nan
118200.0   nan   nan
118400.0   nan   nan
118600.0   nan   nan
118800.0   nan   nan
119000.0   nan   nan
119200.0   nan   nan
119400.0   nan   nan
119600.0   nan   nan
119800.0   nan   nan
120000.0   nan   nan
120200.0   nan   nan
120400.0   nan   nan
120600.0   nan   nan
120800.0   nan   nan
121000.0   nan   nan
121200.0   nan   nan
121400.0   nan   nan
121600.0   nan   nan
121800.0   nan   nan
122000.0   nan   nan
122200.0   nan   nan
122400.0   nan   nan
122600.0   nan   nan
122800.0   nan   nan
123000.0   nan   nan
123200.0   nan   nan
123400.0   nan   nan
123600.0   nan   nan
123800.0   nan   nan
124000.0   nan   nan
124200.0   nan   nan
124400.0   nan   nan
124600.0   nan   nan
124800.0   nan   nan
125000.0   nan   nan
125200.0   nan   nan
125400.0   nan   nan
125600.0   nan   nan
125800.0   nan   nan
126000.0   nan   nan
126200.0   nan   nan
126400.0   nan   nan
126600.0   nan   nan
126800.0   nan   nan
127000.0   nan   nan
127200.0   nan   nan
127400.0   nan   nan
127600.0   nan   nan
127800.0   nan   nan
128000.0   nan   nan
128200.0   nan   nan
128400.0   nan   nan
128600.0   nan   nan
128800.0   nan   nan
129000.0   nan   nan
129200.0   nan   nan
129400.0   nan   nan
129600.0   nan   nan
129800.0   nan   nan
130000.0   nan   nan
130200.0   nan   nan
130400.0   nan   nan
130600.0   nan   nan
130800.0   nan   nan
131000.0   nan   nan
131200.0   nan   nan
131400.0   nan   nan
131600.0   nan   nan
131800.0   nan   nan
132000.0   nan   nan
132200.0   nan   nan
132400.0   nan   nan
132600.0   nan   nan
132800.0   nan   nan
133000.0   nan   nan
133200.0   nan   nan
133400.0   nan   nan
133600.0   nan   nan
133800.0   nan   nan
134000.0   nan   nan
134200.0   nan   nan
134400.0   nan   nan
134600.0   nan   nan
134800.0   nan   nan
135000.0   nan   nan
135200.0   nan   nan
135400.0   nan   nan
135600.0   nan   nan
135800.0   nan   nan
136000.0   nan   nan
136200.0   nan   nan
136400.0   nan   nan
136600.0   nan   nan
136800.0   nan   nan
137000.0   nan   nan
137200.0   nan   nan
137400.0   nan   nan
137600.0   nan   nan
137800.0   nan   nan
138000.0   nan   nan
138200.0   nan   nan
138400.0   nan   nan
138600.0   nan   nan
138800.0   nan   nan
139000.0   nan   nan
139200.0   nan   nan
139400.0   nan   nan
139600.0   nan   nan
139800.0   nan   nan
140000.0   nan   nan
140200.0   nan   nan
140400.0   nan   nan
140600.0   nan   nan
140800.0   nan   nan
141000.0   nan   nan
141200.0   nan   nan
141400.0   nan   nan
141600.0   nan   nan
141800.0   nan   nan
142000.0   nan   nan
142200.0   nan   nan
142400.0   nan   nan
142600.0   nan   nan
142800.0   nan   nan
143000.0   nan   nan
143200.0   nan   nan
143400.0   nan   nan
143600.0   nan   nan
143800.0   nan   nan
144000.0   nan   nan
144200.0   nan   nan
144400.0   nan   nan
144600.0   nan   nan
144800.0   nan   nan
145000.0   nan   nan
145200.0   nan   nan
145400.0   nan   nan
145600.0   nan   nan
145800.0   nan   nan
146000.0   nan   nan
146200.0   nan   nan
146400.0   nan   nan
146600.0   nan   nan
146800.0   nan   nan
147000.0   nan   nan
147200.0   nan   nan
147400.0   nan   nan
147600.0   nan   nan
147800.0   nan   nan
148000.0   nan   nan
148200.0   nan   nan
148400.0   nan   nan
148600.0   nan   nan
148800.0   nan   nan
149000.0   nan   nan
149200.0   nan   nan
149400.0   nan   nan
149600.0   nan   nan
149800.0   nan   nan
150000.0
