#F /SNSlocal/REF_L/2007_1_4B_SCI/2895/NeXus/REF_L_2895.nxs
#E 1174593434.7
#D 2007-03-22 15:57:14
#C Run Number: 2895
#C Title: MK NR4 dry 032007_No2Rep0
#C Notes: MK NR 4 DU 53 dry from air
#C Detector Angle: (0.0, 'degree')
#C Proton Charge: 45.3205833435

#S 1 Spectrum ID ('bank1', (85, 151))
#N 3
#L time_of_flight(microsecond) data() Sigma()
0.0   -0.260623496414   0.0590810495689
200.0   -1.02279559118   1.4306004102
400.0   1.76408668731   1.23667860705
600.0   -inf   nan
800.0   -inf   nan
1000.0   1.0   0.0351907671539
1200.0   -inf   nan
1400.0   1.0   0.0351907671539
1600.0   -inf   nan
1800.0   nan   nan
2000.0   -0.0   0.0
2200.0   nan   nan
2400.0   -inf   nan
2600.0   -inf   nan
2800.0   nan   nan
3000.0   nan   nan
3200.0   -inf   nan
3400.0   nan   nan
3600.0   -inf   nan
3800.0   -inf   nan
4000.0   -inf   nan
4200.0   nan   nan
4400.0   nan   nan
4600.0   nan   nan
4800.0   nan   nan
5000.0   0.0   0.0
5200.0   0.111111111111   0.117121394821
5400.0   0.0571428571429   0.0415445245714
5600.0   -0.00707383949611   0.000958288269224
5800.0   0.0356738968879   0.0201636280286
6000.0   0.0108528075609   0.010557640082
6200.0   -0.000932481061448   0.00683115032619
6400.0   0.00959403934484   0.00659707506
6600.0   -0.00319334562358   0.00464054473255
6800.0   0.00207235598591   0.00362000147592
7000.0   0.00312081434558   0.00296624688766
7200.0   -0.00182086678722   0.00187068965819
7400.0   0.000653024604709   0.00189288289069
7600.0   -0.00127881201797   0.00165649975011
7800.0   0.0022362318687   0.00164253746045
8000.0   -0.00133084028308   0.00110133724773
8200.0   0.0011768268344   0.00122754576215
8400.0   0.00101908071115   0.00110488441088
8600.0   0.000390388026454   0.00112339677071
8800.0   0.000201215462472   0.00117537393326
9000.0   0.000510612373925   0.00112554119536
9200.0   0.00359420451678   0.00134658373371
9400.0   0.00329986099954   0.00138794535282
9600.0   0.00577610574096   0.00148051920465
9800.0   0.00293347732738   0.00149270357523
10000.0   0.00751704193003   0.00171602829096
10200.0   0.00827341542531   0.00185414909918
10400.0   0.00655337969247   0.00190390247071
10600.0   0.00942295962943   0.00208814424975
10800.0   0.00985216173399   0.00225938265158
11000.0   0.0108924548231   0.00230768639325
11200.0   0.010139185541   0.00243449969042
11400.0   0.00789998489217   0.00247562173688
11600.0   0.00947989497492   0.00256076517793
11800.0   0.0126725555187   0.00282029686801
12000.0   0.0123510872967   0.00276774171971
12200.0   0.0125126206024   0.00289865934623
12400.0   0.0140790994482   0.00295240445225
12600.0   0.013532766201   0.00302397020266
12800.0   0.0118297293785   0.00313124383948
13000.0   0.0223356772173   0.00326264597742
13200.0   0.0135575661899   0.00325747596408
13400.0   0.0049806313922   0.00304954166542
13600.0   0.00719984082787   0.00305749390407
13800.0   0.0107135685505   0.00321438219536
14000.0   0.0110101764253   0.00317477598435
14200.0   0.00846555955174   0.00314943637294
14400.0   0.00404524752141   0.00306744620215
14600.0   0.0133197796534   0.00333883263619
14800.0   0.00954004606489   0.00326222398871
15000.0   0.00644260753179   0.00331464116013
15200.0   0.00567324267457   0.00339882996636
15400.0   0.00522275382806   0.00326262582012
15600.0   0.00984099722479   0.00306866138231
15800.0   0.00566860523487   0.00288339527625
16000.0   0.00551643644586   0.00290488294828
16200.0   0.00833048303323   0.0028102732625
16400.0   0.0098106944714   0.00284875653655
16600.0   0.00954532215732   0.00277416943515
16800.0   0.00614486565497   0.00283754747565
17000.0   0.00728784856571   0.00279165592263
17200.0   0.0139199245312   0.00291207571719
17400.0   0.0108109519702   0.00300251479397
17600.0   0.0144287431089   0.00309981489938
17800.0   0.0158662518417   0.00323886761041
18000.0   0.0137815545816   0.00293337878788
18200.0   0.0242069129932   0.00330576082111
18400.0   0.028487288706   0.00343872192205
18600.0   0.0348580349778   0.00374053478139
18800.0   0.0350298049198   0.00373351350961
19000.0   0.0400094355282   0.0040471130605
19200.0   0.0377883110595   0.00402085499491
19400.0   0.0471729831378   0.00425016995591
19600.0   0.0486564428277   0.00438927255464
19800.0   0.0559929982873   0.00471041956931
20000.0   0.0519467474462   0.00477997336558
20200.0   0.0676976884779   0.00520325592528
20400.0   0.0695832159653   0.00525612813362
20600.0   0.0778434022802   0.00562149390678
20800.0   0.0878185048303   0.00615099570873
21000.0   0.0923527330998   0.00628592683968
21200.0   0.0945293804685   0.00665004305651
21400.0   0.101701068965   0.00686532664515
21600.0   0.106733527238   0.00700024784956
21800.0   0.119031973177   0.00751001612922
22000.0   0.140433338333   0.00846718324096
22200.0   0.141068163575   0.00835354372139
22400.0   0.160308145489   0.00910706717331
22600.0   0.158239359662   0.00917655019161
22800.0   0.181107007289   0.00996667856753
23000.0   0.187469082047   0.0106276195717
23200.0   0.186070625453   0.0102364890381
23400.0   0.198258585315   0.0111489580512
23600.0   0.230744639041   0.0122502500284
23800.0   0.235963045558   0.012612461247
24000.0   0.241899731123   0.0130025642802
24200.0   0.244553023606   0.0130748271558
24400.0   0.291810867684   0.0149391092553
24600.0   0.271917901803   0.0148088913506
24800.0   0.289488345896   0.0152108908664
25000.0   0.299798153109   0.015607768855
25200.0   0.353910433238   0.0177400947415
25400.0   0.359969876483   0.0182935395894
25600.0   0.344097384544   0.0179766081667
25800.0   0.39008935545   0.0196260876043
26000.0   0.438040880899   0.0222747371599
26200.0   0.417274368241   0.0213717463795
26400.0   0.390523034896   0.0206990751699
26600.0   0.461311120252   0.0233953076256
26800.0   0.455109124421   0.0237369583153
27000.0   0.537395452825   0.0273662689816
27200.0   0.558531812258   0.0287438524731
27400.0   0.542385280048   0.0277526910198
27600.0   0.558056384092   0.0286025173969
27800.0   0.549969405865   0.0286316344191
28000.0   0.652705453621   0.0331286612978
28200.0   0.649063566313   0.0341102613527
28400.0   0.63493097612   0.032759463511
28600.0   0.744313236686   0.0384498493263
28800.0   0.720662146046   0.0375777384383
29000.0   0.747188783701   0.0395216852535
29200.0   0.686827571566   0.0368114837601
29400.0   0.815499272866   0.0438749854929
29600.0   0.826399424316   0.044977561688
29800.0   0.830760475934   0.0450623231014
30000.0   0.82137368546   0.0455245571591
30200.0   0.954557031347   0.0532088948782
30400.0   0.988441365172   0.0545199006851
30600.0   0.92529906333   0.0526782009248
30800.0   1.00576492439   0.0561905024421
31000.0   1.08521814625   0.0603723591711
31200.0   1.03094930134   0.0600483839679
31400.0   1.12069643383   0.0651989272212
31600.0   1.19858280416   0.0696267927512
31800.0   1.11646445972   0.0673052033354
32000.0   1.16451341371   0.0685655721364
32200.0   1.23662788352   0.0750581651951
32400.0   1.29376877918   0.0792927430246
32600.0   1.23849369171   0.0764593750826
32800.0   1.2919752001   0.0803771579851
33000.0   1.22362370049   0.0764357118852
33200.0   1.41352854051   0.092323629432
33400.0   1.45515112247   0.0933835612599
33600.0   1.44488737315   0.0929251366388
33800.0   1.43769176752   0.0947554798263
34000.0   1.46379293774   0.0973114495581
34200.0   1.58534467778   0.105610702249
34400.0   1.51923237358   0.102311162861
34600.0   1.70683990154   0.116156721222
34800.0   1.56743265055   0.104560755873
35000.0   1.42977686033   0.0959107643505
35200.0   1.85247878131   0.13470935779
35400.0   1.68752309277   0.123609143005
35600.0   1.74974852829   0.128432320602
35800.0   1.88923683809   0.135062437778
36000.0   2.06913907357   0.154362050496
36200.0   1.9578790759   0.145197928943
36400.0   2.11718198376   0.164158713477
36600.0   2.00750643636   0.151677875846
36800.0   2.09194075367   0.161916126373
37000.0   2.01889606574   0.156629698901
37200.0   2.19165476165   0.167471175071
37400.0   2.03668758516   0.160183309142
37600.0   2.22570359924   0.176032550874
37800.0   2.59876902562   0.217415100771
38000.0   2.31743107512   0.19290046581
38200.0   2.16602089547   0.176087714924
38400.0   2.66210429939   0.233946811362
38600.0   2.65086233424   0.241376552073
38800.0   2.26531843296   0.191223766868
39000.0   3.07347097354   0.274441314076
39200.0   2.34713794313   0.204400189868
39400.0   2.62815953771   0.236961542504
39600.0   2.70738042803   0.246625501768
39800.0   2.66977652789   0.237471391734
40000.0   3.05760134466   0.282650893421
40200.0   3.23275152162   0.3065215173
40400.0   3.11698335967   0.299379506601
40600.0   2.98950891681   0.292399043123
40800.0   2.97567969568   0.297657577663
41000.0   3.09222829268   0.317268333123
41200.0   3.19413865144   0.320049685155
41400.0   3.54742152685   0.381797082964
41600.0   3.0053648691   0.308539462889
41800.0   3.20095292837   0.339833979019
42000.0   3.25220718251   0.33976169226
42200.0   3.83196330817   0.436354648176
42400.0   3.31423654912   0.355877395248
42600.0   3.12484512757   0.350682720825
42800.0   3.58224540589   0.399869670935
43000.0   4.006285512   0.459666138047
43200.0   4.77051352312   0.579068968105
43400.0   3.48091591955   0.39223157358
43600.0   3.71655984583   0.43226183068
43800.0   4.3336576847   0.517832057197
44000.0   4.0341263549   0.491618578469
44200.0   4.01835399341   0.485643901937
44400.0   3.57239133373   0.415363846311
44600.0   5.00237468992   0.617406441758
44800.0   4.28458165347   0.545841081941
45000.0   4.34373819136   0.563224190447
45200.0   3.72544859536   0.454928070256
45400.0   4.28330176482   0.583514493965
45600.0   4.06015035227   0.515982670917
45800.0   4.57015206367   0.605293286209
46000.0   4.59294409785   0.640361243966
46200.0   4.93643860843   0.697157478739
46400.0   4.36352214283   0.577423032973
46600.0   4.76073065255   0.65441426138
46800.0   5.91933446213   0.938641417179
47000.0   4.78851078966   0.669834300699
47200.0   4.15461205949   0.566615472577
47400.0   4.65089508655   0.672149589926
47600.0   4.95569414788   0.742621106577
47800.0   6.80482574651   1.13251408619
48000.0   6.22676821846   1.06954284896
48200.0   5.44436959472   0.850951739331
48400.0   6.0180969684   1.01097611792
48600.0   5.34039120995   0.841189154535
48800.0   4.47432183851   0.643063752596
49000.0   6.74875047554   1.18244196427
49200.0   6.87934041973   1.26244091178
49400.0   7.93017979611   1.47249810102
49600.0   6.47749342441   1.10890211741
49800.0   5.10368554084   0.833434116125
50000.0   6.7580379084   1.20507631622
50200.0   6.51520492133   1.16711885238
50400.0   5.56481318035   0.950819779507
50600.0   7.03281561187   1.26781771486
50800.0   9.15102072304   1.95902724304
51000.0   7.15418346531   1.3848741351
51200.0   6.47157782765   1.21280226457
51400.0   4.92644441936   0.795716651978
51600.0   4.49154309903   0.784846650961
51800.0   7.93430435023   1.63800439766
52000.0   7.37549493104   1.49495861452
52200.0   10.061993988   2.11171747736
52400.0   5.54663482602   0.950659103465
52600.0   8.56514389133   1.83054797588
52800.0   6.45138600872   1.28470033258
53000.0   12.0745781482   3.09690893483
53200.0   7.90538573508   1.63187172302
53400.0   7.08047737949   1.40051218351
53600.0   6.16390133208   1.14054929534
53800.0   8.00764028056   1.8123151786
54000.0   12.1950218116   3.14970520697
54200.0   10.3782665448   2.52935801072
54400.0   13.3975450902   3.8541651159
54600.0   7.07810318113   1.49819274695
54800.0   6.85777319542   1.55886325953
55000.0   7.02291040414   1.53473192999
55200.0   8.68931613226   2.05248909921
55400.0   6.68342414829   1.45616115211
55600.0   9.67856613635   2.38190265024
55800.0   11.5136344117   3.20864034862
56000.0   11.3318136273   3.05370485946
56200.0   9.67939211757   2.62582023517
56400.0   12.4308983513   3.69660694176
56600.0   7.8409054952   1.91156031713
56800.0   7.75530227121   1.942542674
57000.0   6.76908817635   1.62281506968
57200.0   8.48931613226   2.00771640919
57400.0   8.61908817635   2.0370162157
57600.0   7.8   1.85256578831
57800.0   10.8571428571   3.0323811233
58000.0   10.0272688234   2.81182460022
58200.0   11.3996743487   3.17783792093
58400.0   8.32146236918   2.07679830697
58600.0   17.4817420026   6.56841995886
58800.0   14.6190881764   4.77930705622
59000.0   6.35612529407   1.42633068173
59200.0   6.7   1.60608218968
59400.0   17.7456878071   6.78429056255
59600.0   9.66666666667   2.93131243517
59800.0   9.54605878424   2.59136066992
60000.0   10.9525805267   3.413349519
60200.0   11.5995855347   3.6455047964
60400.0   10.1818181818   3.2171591035
60600.0   9.43512024048   2.99343184226
60800.0   13.1994301102   4.84090600898
61000.0   10.401455189   3.53272627635
61200.0   8.5   2.59406373605
61400.0   6.88295340681   2.12704260089
61600.0   12.6889018221   5.75531134185
61800.0   16.4   7.55460124692
62000.0   9.5   4.07737660758
62200.0   14.4465806613   7.47418505275
62400.0   25.0714397865   22.5748954685
62600.0   9.33333333333   5.66993369874
62800.0   4.66666666667   2.96897538131
63000.0   20.1531342028   34.3437853705
63200.0   inf   nan
63400.0   nan   nan
63600.0   -inf   nan
63800.0   nan   nan
64000.0   nan   nan
64200.0   nan   nan
64400.0   inf   nan
64600.0   nan   nan
64800.0   inf   nan
65000.0   nan   nan
65200.0   nan   nan
65400.0   nan   nan
65600.0   nan   nan
65800.0   nan   nan
66000.0   nan   nan
66200.0   -inf   nan
66400.0   -inf   nan
66600.0   nan   nan
66800.0   nan   nan
67000.0   nan   nan
67200.0   nan   nan
67400.0   nan   nan
67600.0   nan   nan
67800.0   nan   nan
68000.0   nan   nan
68200.0   nan   nan
68400.0   nan   nan
68600.0   nan   nan
68800.0   nan   nan
69000.0   nan   nan
69200.0   nan   nan
69400.0   nan   nan
69600.0   nan   nan
69800.0   nan   nan
70000.0   nan   nan
70200.0   nan   nan
70400.0   nan   nan
70600.0   nan   nan
70800.0   nan   nan
71000.0   nan   nan
71200.0   nan   nan
71400.0   nan   nan
71600.0   nan   nan
71800.0   nan   nan
72000.0   nan   nan
72200.0   nan   nan
72400.0   nan   nan
72600.0   nan   nan
72800.0   nan   nan
73000.0   nan   nan
73200.0   nan   nan
73400.0   nan   nan
73600.0   nan   nan
73800.0   nan   nan
74000.0   nan   nan
74200.0   nan   nan
74400.0   nan   nan
74600.0   nan   nan
74800.0   nan   nan
75000.0   nan   nan
75200.0   nan   nan
75400.0   nan   nan
75600.0   nan   nan
75800.0   nan   nan
76000.0   nan   nan
76200.0   nan   nan
76400.0   nan   nan
76600.0   nan   nan
76800.0   nan   nan
77000.0   nan   nan
77200.0   nan   nan
77400.0   nan   nan
77600.0   nan   nan
77800.0   nan   nan
78000.0   nan   nan
78200.0   nan   nan
78400.0   nan   nan
78600.0   nan   nan
78800.0   nan   nan
79000.0   nan   nan
79200.0   nan   nan
79400.0   nan   nan
79600.0   nan   nan
79800.0   nan   nan
80000.0   nan   nan
80200.0   nan   nan
80400.0   nan   nan
80600.0   nan   nan
80800.0   nan   nan
81000.0   nan   nan
81200.0   nan   nan
81400.0   nan   nan
81600.0   nan   nan
81800.0   nan   nan
82000.0   nan   nan
82200.0   nan   nan
82400.0   nan   nan
82600.0   nan   nan
82800.0   nan   nan
83000.0   nan   nan
83200.0   nan   nan
83400.0   nan   nan
83600.0   nan   nan
83800.0   nan   nan
84000.0   nan   nan
84200.0   nan   nan
84400.0   nan   nan
84600.0   nan   nan
84800.0   nan   nan
85000.0   nan   nan
85200.0   nan   nan
85400.0   nan   nan
85600.0   nan   nan
85800.0   nan   nan
86000.0   nan   nan
86200.0   nan   nan
86400.0   nan   nan
86600.0   nan   nan
86800.0   nan   nan
87000.0   nan   nan
87200.0   nan   nan
87400.0   nan   nan
87600.0   nan   nan
87800.0   nan   nan
88000.0   nan   nan
88200.0   nan   nan
88400.0   nan   nan
88600.0   nan   nan
88800.0   nan   nan
89000.0   nan   nan
89200.0   nan   nan
89400.0   nan   nan
89600.0   nan   nan
89800.0   nan   nan
90000.0   nan   nan
90200.0   nan   nan
90400.0   nan   nan
90600.0   nan   nan
90800.0   nan   nan
91000.0   nan   nan
91200.0   nan   nan
91400.0   nan   nan
91600.0   nan   nan
91800.0   nan   nan
92000.0   nan   nan
92200.0   nan   nan
92400.0   nan   nan
92600.0   nan   nan
92800.0   nan   nan
93000.0   nan   nan
93200.0   nan   nan
93400.0   nan   nan
93600.0   nan   nan
93800.0   nan   nan
94000.0   nan   nan
94200.0   nan   nan
94400.0   nan   nan
94600.0   nan   nan
94800.0   nan   nan
95000.0   nan   nan
95200.0   nan   nan
95400.0   nan   nan
95600.0   nan   nan
95800.0   nan   nan
96000.0   nan   nan
96200.0   nan   nan
96400.0   nan   nan
96600.0   nan   nan
96800.0   nan   nan
97000.0   nan   nan
97200.0   nan   nan
97400.0   nan   nan
97600.0   nan   nan
97800.0   nan   nan
98000.0   nan   nan
98200.0   nan   nan
98400.0   nan   nan
98600.0   nan   nan
98800.0   nan   nan
99000.0   nan   nan
99200.0   nan   nan
99400.0   nan   nan
99600.0   nan   nan
99800.0   nan   nan
100000.0   nan   nan
100200.0   nan   nan
100400.0   nan   nan
100600.0   nan   nan
100800.0   nan   nan
101000.0   nan   nan
101200.0   nan   nan
101400.0   nan   nan
101600.0   nan   nan
101800.0   nan   nan
102000.0   nan   nan
102200.0   nan   nan
102400.0   nan   nan
102600.0   nan   nan
102800.0   nan   nan
103000.0   nan   nan
103200.0   nan   nan
103400.0   nan   nan
103600.0   nan   nan
103800.0   nan   nan
104000.0   nan   nan
104200.0   nan   nan
104400.0   nan   nan
104600.0   nan   nan
104800.0   nan   nan
105000.0   nan   nan
105200.0   nan   nan
105400.0   nan   nan
105600.0   nan   nan
105800.0   nan   nan
106000.0   nan   nan
106200.0   nan   nan
106400.0   nan   nan
106600.0   nan   nan
106800.0   nan   nan
107000.0   nan   nan
107200.0   nan   nan
107400.0   nan   nan
107600.0   nan   nan
107800.0   nan   nan
108000.0   nan   nan
108200.0   nan   nan
108400.0   nan   nan
108600.0   nan   nan
108800.0   nan   nan
109000.0   nan   nan
109200.0   nan   nan
109400.0   nan   nan
109600.0   nan   nan
109800.0   nan   nan
110000.0   nan   nan
110200.0   nan   nan
110400.0   nan   nan
110600.0   nan   nan
110800.0   nan   nan
111000.0   nan   nan
111200.0   nan   nan
111400.0   nan   nan
111600.0   nan   nan
111800.0   nan   nan
112000.0   nan   nan
112200.0   nan   nan
112400.0   nan   nan
112600.0   nan   nan
112800.0   nan   nan
113000.0   nan   nan
113200.0   nan   nan
113400.0   nan   nan
113600.0   nan   nan
113800.0   nan   nan
114000.0   nan   nan
114200.0   nan   nan
114400.0   nan   nan
114600.0   nan   nan
114800.0   nan   nan
115000.0   nan   nan
115200.0   nan   nan
115400.0   nan   nan
115600.0   nan   nan
115800.0   nan   nan
116000.0   nan   nan
116200.0   nan   nan
116400.0   nan   nan
116600.0   nan   nan
116800.0   nan   nan
117000.0   nan   nan
117200.0   nan   nan
117400.0   nan   nan
117600.0   nan   nan
117800.0   nan   nan
118000.0   nan   nan
118200.0   nan   nan
118400.0   nan   nan
118600.0   nan   nan
118800.0   nan   nan
119000.0   nan   nan
119200.0   nan   nan
119400.0   nan   nan
119600.0   nan   nan
119800.0   nan   nan
120000.0   nan   nan
120200.0   nan   nan
120400.0   nan   nan
120600.0   nan   nan
120800.0   nan   nan
121000.0   nan   nan
121200.0   nan   nan
121400.0   nan   nan
121600.0   nan   nan
121800.0   nan   nan
122000.0   nan   nan
122200.0   nan   nan
122400.0   nan   nan
122600.0   nan   nan
122800.0   nan   nan
123000.0   nan   nan
123200.0   nan   nan
123400.0   nan   nan
123600.0   nan   nan
123800.0   nan   nan
124000.0   nan   nan
124200.0   nan   nan
124400.0   nan   nan
124600.0   nan   nan
124800.0   nan   nan
125000.0   nan   nan
125200.0   nan   nan
125400.0   nan   nan
125600.0   nan   nan
125800.0   nan   nan
126000.0   nan   nan
126200.0   nan   nan
126400.0   nan   nan
126600.0   nan   nan
126800.0   nan   nan
127000.0   nan   nan
127200.0   nan   nan
127400.0   nan   nan
127600.0   nan   nan
127800.0   nan   nan
128000.0   nan   nan
128200.0   nan   nan
128400.0   nan   nan
128600.0   nan   nan
128800.0   nan   nan
129000.0   nan   nan
129200.0   nan   nan
129400.0   nan   nan
129600.0   nan   nan
129800.0   nan   nan
130000.0   nan   nan
130200.0   nan   nan
130400.0   nan   nan
130600.0   nan   nan
130800.0   nan   nan
131000.0   nan   nan
131200.0   nan   nan
131400.0   nan   nan
131600.0   nan   nan
131800.0   nan   nan
132000.0   nan   nan
132200.0   nan   nan
132400.0   nan   nan
132600.0   nan   nan
132800.0   nan   nan
133000.0   nan   nan
133200.0   nan   nan
133400.0   nan   nan
133600.0   nan   nan
133800.0   nan   nan
134000.0   nan   nan
134200.0   nan   nan
134400.0   nan   nan
134600.0   nan   nan
134800.0   nan   nan
135000.0   nan   nan
135200.0   nan   nan
135400.0   nan   nan
135600.0   nan   nan
135800.0   nan   nan
136000.0   nan   nan
136200.0   nan   nan
136400.0   nan   nan
136600.0   nan   nan
136800.0   nan   nan
137000.0   nan   nan
137200.0   nan   nan
137400.0   nan   nan
137600.0   nan   nan
137800.0   nan   nan
138000.0   nan   nan
138200.0   nan   nan
138400.0   nan   nan
138600.0   nan   nan
138800.0   nan   nan
139000.0   nan   nan
139200.0   nan   nan
139400.0   nan   nan
139600.0   nan   nan
139800.0   nan   nan
140000.0   nan   nan
140200.0   nan   nan
140400.0   nan   nan
140600.0   nan   nan
140800.0   nan   nan
141000.0   nan   nan
141200.0   nan   nan
141400.0   nan   nan
141600.0   nan   nan
141800.0   nan   nan
142000.0   nan   nan
142200.0   nan   nan
142400.0   nan   nan
142600.0   nan   nan
142800.0   nan   nan
143000.0   nan   nan
143200.0   nan   nan
143400.0   nan   nan
143600.0   nan   nan
143800.0   nan   nan
144000.0   nan   nan
144200.0   nan   nan
144400.0   nan   nan
144600.0   nan   nan
144800.0   nan   nan
145000.0   nan   nan
145200.0   nan   nan
145400.0   nan   nan
145600.0   nan   nan
145800.0   nan   nan
146000.0   nan   nan
146200.0   nan   nan
146400.0   nan   nan
146600.0   nan   nan
146800.0   nan   nan
147000.0   nan   nan
147200.0   nan   nan
147400.0   nan   nan
147600.0   nan   nan
147800.0   nan   nan
148000.0   nan   nan
148200.0   nan   nan
148400.0   nan   nan
148600.0   nan   nan
148800.0   nan   nan
149000.0   nan   nan
149200.0   nan   nan
149400.0   nan   nan
149600.0   nan   nan
149800.0   nan   nan
150000.0   
