# Q dQ R dR fit
0.0115434 0.000153789 1.00392 0.145749 0.973164
0.0117742 0.000155046 0.998947 0.14349 0.971735
0.0120051 0.000156318 0.974506 0.138578 0.977725
0.012236 0.000157604 0.987595 0.139047 0.984727
0.0124668 0.000158904 1.00681 0.140395 0.988392
0.0126977 0.000160217 1.01294 0.139946 0.990613
0.0129286 0.000161543 0.998614 0.136734 0.992231
0.0131594 0.000162882 0.99216 0.134672 0.993336
0.0133903 0.000164234 0.992532 0.13361 0.994008
0.0136211 0.000165598 1.00635 0.13438 0.994341
0.013852 0.000166973 1.00324 0.132902 0.994411
0.0140829 0.000168361 0.977066 0.128485 0.99427
0.0143137 0.000169759 1.03665 0.135275 0.993962
0.0145446 0.000171169 1.0182 0.131952 0.993536
0.0147755 0.000172589 1.00083 0.128813 0.993067
0.0150063 0.00017402 1.02411 0.130916 0.992665
0.0152372 0.000175461 0.950771 0.120804 0.992448
0.0154681 0.000177578 1.01063 0.12758 0.992497
0.0156989 0.000180228 0.989951 0.124223 0.992807
0.0159298 0.000182878 1.00746 0.125668 0.993292
0.0161607 0.000185529 1.02419 0.12702 0.993834
0.0163915 0.000188179 1.01285 0.124917 0.994331
0.0166224 0.000190829 0.968021 0.118774 0.994713
0.0168532 0.00019348 0.875914 0.106981 0.993991
0.0170841 0.00019613 0.741806 0.090254 0.974774
0.017315 0.00019878 0.564789 0.0685453 0.865212
0.0175458 0.000201431 0.449942 0.0544898 0.652008
0.0177767 0.000204081 0.357427 0.0432313 0.468269
0.0180076 0.000206731 0.301208 0.0363642 0.356061
0.0182384 0.000209382 0.258748 0.0312034 0.279198
0.0184693 0.000212032 0.194624 0.0235242 0.21952
0.0187001 0.000214682 0.155309 0.0188252 0.172144
0.018931 0.000217333 0.137551 0.0166756 0.135283
0.0191619 0.000219983 0.145204 0.0175062 0.107791
0.0193927 0.000222633 0.139434 0.0167715 0.0885071
0.0196236 0.000225284 0.111032 0.0134219 0.0760869
0.0198545 0.000227934 0.0918096 0.0111659 0.0690339
0.0200853 0.000230584 0.0789054 0.0096445 0.0658187
0.0203162 0.000233234 0.0868226 0.0105033 0.0650071
0.020547 0.000235885 0.0852072 0.0102886 0.0653588
0.0207779 0.000238535 0.0899714 0.0107967 0.0658853
0.0210088 0.000241185 0.0707549 0.00858923 0.0658684
0.0212396 0.000243835 0.0568923 0.00699336 0.0648512
0.0214705 0.000246486 0.061005 0.00743112 0.0626128
0.0217013 0.000249136 0.0690018 0.00830214 0.0591317
0.0219322 0.000251786 0.066155 0.00795992 0.0545553
0.0221631 0.000254437 0.0694254 0.0083112 0.0491499
0.0223939 0.000257087 0.0497527 0.00609065 0.0432666
0.0226248 0.000259737 0.0479877 0.00586465 0.0372981
0.0228556 0.000262387 0.048132 0.005876 0.0316373
0.0230865 0.000265038 0.0544458 0.00627624 0.0266382
0.0233174 0.000267688 0.0578022 0.00688823 0.022583
0.0235482 0.000270338 0.0496776 0.00596929 0.0196567
0.0237791 0.000272988 0.0389894 0.0047656 0.0179345
0.0240099 0.000275638 0.036665 0.00448207 0.0173813
0.0242408 0.000278289 0.0376901 0.00458041 0.0178629
0.0244717 0.000280939 0.0462637 0.00548299 0.0191676
0.0247025 0.000283589 0.0462477 0.00545881 0.021033
0.0249334 0.000286239 0.0395195 0.00470664 0.0231746
0.0251642 0.00028889 0.0368406 0.00439751 0.0253134
0.0253951 0.00029154 0.026095 0.00321429 0.0271986
0.0256259 0.00029419 0.0306403 0.00368982 0.0286251
0.0258568 0.00029684 0.0300868 0.00361325 0.0294445
0.0260877 0.00029949 0.0327703 0.00388797 0.0295708
0.0263185 0.00030214 0.0268177 0.00323313 0.0289803
0.0265494 0.000304791 0.0206681 0.00255543 0.0277075
0.0267802 0.000307441 0.0174715 0.00221017 0.0258377
0.0270111 0.000310091 0.0175839 0.00220997 0.0234961
0.0272419 0.000312741 0.0194948 0.00241302 0.0208353
0.0274728 0.000315391 0.0201127 0.00247375 0.0180236
0.0277036 0.000318041 0.0194526 0.00239851 0.0152275
0.0279345 0.000320692 0.0152026 0.0019342 0.0126012
0.0281654 0.000323342 0.0119467 0.00157249 0.0102741
0.0283962 0.000325992 0.0127419 0.0016531 0.00834256
0.0286271 0.000328642 0.0146609 0.00186041 0.00686407
0.0288579 0.000331292 0.0128637 0.00165988 0.00585572
0.0290888 0.000333942 0.0115571 0.00151139 0.00529627
0.0293196 0.000336592 0.0117004 0.00152423 0.00513151
0.0295505 0.000339243 0.0102153 0.00135983 0.00528212
0.0297813 0.000341893 0.00940574 0.00126242 0.00565298
0.0300122 0.000344543 0.00990765 0.00131724 0.00614305
0.030243 0.000347193 0.0101575 0.00134593 0.0066547
0.0304739 0.000349843 0.00971022 0.0012866 0.00710175
0.0307047 0.000352493 0.0097149 0.00128724 0.00741575
0.0309356 0.000355143 0.00895589 0.00119902 0.00755011
0.0311665 0.000357793 0.00889325 0.00118922 0.00748196
0.0313973 0.000360443 0.00931128 0.00123111 0.00721191
0.0316282 0.000363093 0.0110025 0.00141226 0.00676189
0.031859 0.000365743 0.00992152 0.00128877 0.00617137
0.0320899 0.000368393 0.00889158 0.00117575 0.00549246
0.0323207 0.000371043 0.00867139 0.00114995 0.00478424
0.0325516 0.000373694 0.00877156 0.00115683 0.00410715
0.0327824 0.000376344 0.0119083 0.00149635 0.00351657
0.0330133 0.000378994 0.0108447 0.00137795 0.00305886
0.0332441 0.000381644 0.00944813 0.00122428 0.00276711
0.033475 0.000384294 0.00931569 0.00120916 0.00265888
0.0337058 0.000386944 0.00823543 0.0010855 0.00273525
0.0339367 0.000389594 0.00858528 0.00112248 0.00298146
0.0341675 0.000392244 0.0111859 0.00139792 0.00336891
0.0343984 0.000394894 0.00989822 0.00125793 0.00385824
0.0346292 0.000397544 0.0100738 0.00127225 0.00440311
0.03486 0.000400194 0.00768892 0.00101112 0.00495442
0.0350909 0.000402844 0.00666655 0.000900293 0.00546441
0.0353217 0.000405494 0.00719069 0.000951589 0.00589043
0.0355526 0.000408144 0.00926051 0.00117512 0.00619804
0.0357834 0.000410794 0.0079729 0.00103358 0.00636328
0.0360143 0.000413443 0.00797785 0.00103243 0.00637389
0.0362451 0.000416093 0.00606569 0.000820262 0.00622967
0.036476 0.000418743 0.00564439 0.000772922 0.00594174
0.0367068 0.000421393 0.00475319 0.000672899 0.00553109
0.0369377 0.000424043 0.00504933 0.000703843 0.00502639
0.0371685 0.000426693 0.00637121 0.000846442 0.00446133
0.0373994 0.000429343 0.00514418 0.000709987 0.00387179
0.0376302 0.000431993 0.00432622 0.00061857 0.00329287
0.037861 0.000434643 0.00346374 0.000519102 0.00275632
0.0380919 0.000437293 0.00370656 0.000545452 0.00228857
0.0383227 0.000439943 0.00323396 0.000488719 0.00190792
0.0385536 0.000442593 0.00374329 0.000545577 0.00162523
0.0387844 0.000445242 0.00300392 0.000462309 0.0014427
0.0390153 0.000447892 0.00351318 0.000519493 0.0013546
0.0392461 0.000450542 0.00203276 0.000347329 0.00134837
0.039477 0.000453192 0.0019629 0.000337248 0.00140626
0.0397078 0.000455842 0.00250814 0.0003999 0.00150718
0.0399386 0.000458492 0.0023315 0.000377834 0.00162885
0.0401695 0.000461142 0.0020063 0.00033917 0.00174972
0.0404003 0.000463791 0.00181082 0.000314717 0.00185084
0.0406312 0.000466441 0.00177977 0.000309324 0.00191727
0.040862 0.000469091 0.0018223 0.000313105 0.00193909
0.0410928 0.000471741 0.00236143 0.000375089 0.00191194
0.0413237 0.000474391 0.00209978 0.000343282 0.00183699
0.0415545 0.00047704 0.00257343 0.000397309 0.00172049
0.0417854 0.00047969 0.00190127 0.000318147 0.00157289
0.0420162 0.00048234 0.00137562 0.000253875 0.00140764
0.042247 0.00048499 0.00234373 0.000368084 0.00123983
0.0424779 0.000487639 0.00255077 0.000388813 0.00108471
0.0427087 0.000490289 0.00257699 0.000391619 0.000956318
0.0429396 0.000492939 0.00281929 0.000417857 0.000866214
0.0431704 0.000495589 0.00270517 0.000404128 0.000822543
0.0434012 0.000498238 0.00266548 0.000399288 0.0008296
0.0436321 0.000500888 0.00297963 0.000433153 0.000886747
0.0438629 0.000503538 0.00236519 0.000362765 0.000989756
0.0440937 0.000506188 0.00350839 0.000491108 0.00113049
0.0443246 0.000508837 0.00316841 0.000450973 0.00129787
0.0445554 0.000511487 0.00287512 0.000416112 0.00147876
0.0447862 0.000514137 0.00255394 0.000381571 0.00165918
0.0450171 0.000516786 0.00275204 0.000401965 0.00182524
0.0452479 0.000519436 0.00285141 0.000411817 0.00196411
0.0454787 0.000522086 0.00308927 0.000437241 0.00206498
0.0457096 0.000524735 0.00317735 0.000445641 0.00211988
0.0459404 0.000527385 0.00228029 0.000344575 0.00212496
0.0461712 0.000530035 0.00221202 0.000265374 0.00208098
0.0470946 0.000540633 0.00163996 0.000210996 0.00155944
0.0480179 0.000551231 0.00113466 0.000154407 0.000903925
0.0489412 0.00056183 0.00090211 0.000127847 0.000567138
0.0498645 0.000572428 0.000534983 8.52474e-05 0.000585183
0.0507878 0.000583026 0.000444551 7.4063e-05 0.000652873
0.0517111 0.000593623 0.000523472 8.22264e-05 0.000554985
0.0526344 0.000604221 0.000665397 9.74038e-05 0.0003939
0.0535577 0.000614819 0.000857321 0.000117864 0.000400374
0.054481 0.000625416 0.000943429 0.000126565 0.000617948
0.0554043 0.000636013 0.00119774 0.000153544 0.000842633
0.0563275 0.00064661 0.00110283 0.000142206 0.000853565
0.0572508 0.000657207 0.000778342 0.000106219 0.00064157
0.058174 0.000667804 0.000561327 8.14031e-05 0.000388948
0.0590973 0.0006784 0.000301136 5.1167e-05 0.000260295
0.0600205 0.000688997 0.000174375 3.52057e-05 0.000255339
0.0609437 0.000699593 7.40181e-05 2.06719e-05 0.000264284
0.061867 0.000710189 0.000148891 3.10821e-05 0.000223684
0.0627902 0.000720785 0.00024254 4.23932e-05 0.000181806
0.0637134 0.00073138 0.000414963 6.19863e-05 0.000217241
0.0646366 0.000741976 0.000486063 6.93466e-05 0.000327811
0.0655598 0.000752571 0.000595889 8.10994e-05 0.000422727
0.066483 0.000763166 0.000602937 8.14834e-05 0.000417648
0.0674061 0.000773761 0.000519896 7.19079e-05 0.000317416
0.0683293 0.000784356 0.000411514 5.94161e-05 0.00020034
0.0692525 0.000794951 0.000238953 3.96054e-05 0.000134031
0.0701756 0.000805545 0.000123696 2.52381e-05 0.000120133
0.0710988 0.000816139 3.99989e-05 1.27888e-05 0.000118003
0.0720219 0.000826733 6.39342e-05 1.65331e-05 0.000105
0.072945 0.000837327 0.000130904 2.53955e-05 0.000100023
0.0738681 0.000847921 0.000255016 3.99132e-05 0.000130534
0.0747912 0.000858514 0.000389067 5.46454e-05 0.000189763
0.0757143 0.000869107 0.000414071 5.71776e-05 0.000235816
0.0766374 0.0008797 0.000464598 6.23779e-05 0.000231633
0.0775605 0.000890293 0.000355897 5.02561e-05 0.000179734
0.0784836 0.000900886 0.00026345 3.96924e-05 0.000116059
0.0794066 0.000911478 0.000198901 3.2089e-05 7.41499e-05
0.0803297 0.00092207 9.40052e-05 1.91776e-05 5.95482e-05
0.0812527 0.000932662 5.31863e-05 1.34495e-05 5.71035e-05
0.0821758 0.000943253 3.01418e-05 9.63729e-06 5.59971e-05
0.0830988 0.000953845 4.28313e-05 1.16382e-05 6.17332e-05
0.0840218 0.000964436 0.000149455 2.53916e-05 8.40901e-05
0.0849448 0.000975027 0.000243073 3.60139e-05 0.000118622
0.0858678 0.000985618 0.000255462 3.72077e-05 0.000144795
0.0867908 0.000996208 0.000291897 4.10649e-05 0.000143258
0.0877137 0.0010068 0.000253992 3.66693e-05 0.000113544
0.0886367 0.00101739 0.000178455 2.8015e-05 7.36924e-05
0.0895596 0.00102798 9.78542e-05 1.83377e-05 4.38725e-05
0.0904826 0.00103857 8.20732e-05 1.62264e-05 3.12743e-05
0.0914055 0.00104916 3.58666e-05 9.7446e-06 3.01577e-05
0.0923284 0.00105975 1.97395e-05 4.54558e-06 3.3484e-05
0.0932513 0.00107033 3.22905e-05 7.3163e-06 4.14043e-05
0.0941742 0.00108092 8.78865e-05 1.41201e-05 5.77585e-05
0.0950971 0.00109151 0.000136431 1.95265e-05 8.043e-05
0.09602 0.0011021 0.000189429 2.52738e-05 9.81712e-05
0.0969428 0.00111269 0.000232941 2.99612e-05 9.86694e-05
0.0978657 0.00112327 0.000179559 2.40347e-05 7.97058e-05
0.0987885 0.00113386 0.000177178 2.36509e-05 5.16587e-05
0.0997113 0.00114445 0.000133035 1.87187e-05 2.88027e-05
0.100634 0.00115503 9.74515e-05 1.46807e-05 1.84054e-05
0.101557 0.00116562 4.10241e-05 7.96254e-06 1.80996e-05
0.10248 0.00117621 2.11769e-05 5.24464e-06 2.24595e-05
0.103402 0.00118679 1.76921e-05 4.6858e-06 3.00676e-05
0.104325 0.00119738 6.15033e-05 1.02894e-05 4.30462e-05
0.105248 0.00120796 0.000112037 1.59781e-05 6.05751e-05
0.106171 0.00121855 0.000143039 1.93493e-05 7.51678e-05
0.107093 0.00122913 0.000170275 2.22322e-05 7.72605e-05
0.108016 0.00123972 0.000183542 2.36178e-05 6.38833e-05
0.108939 0.0012503 0.000175753 2.27106e-05 4.20932e-05
0.109862 0.00126088 0.000130941 1.7772e-05 2.32941e-05
0.110784 0.00127147 8.6158e-05 1.27767e-05 1.42159e-05
0.111707 0.00128205 3.78508e-05 7.09554e-06 1.37258e-05
0.11263 0.00129263 2.91571e-05 5.94865e-06 1.75917e-05
0.113552 0.00130321 2.09366e-05 4.81936e-06 2.46423e-05
0.114475 0.0013138 5.0477e-05 8.48807e-06 3.68757e-05
0.115397 0.00132438 9.27286e-05 1.32575e-05 5.38885e-05
0.11632 0.00133496 0.000119476 1.61514e-05 6.91357e-05
0.117243 0.00134554 0.000158355 2.03257e-05 7.36084e-05
0.118165 0.00135612 0.000212116 2.6084e-05 6.37625e-05
0.119088 0.0013667 0.00018163 2.27536e-05 4.51887e-05
0.12001 0.00137728 0.000154816 1.98258e-05 2.79009e-05
0.120933 0.00138786 0.00010787 1.4661e-05 1.82685e-05
0.121855 0.00139844 5.16001e-05 8.32437e-06 1.60279e-05
0.122778 0.00140902 2.3212e-05 4.8455e-06 1.86204e-05
0.1237 0.0014196 2.0716e-05 4.49303e-06 2.66062e-05
0.124623 0.00143018 4.22017e-05 7.13559e-06 4.30252e-05
0.125545 0.00144076 9.26306e-05 1.27753e-05 6.73054e-05
0.126467 0.00145133 0.000171517 2.12851e-05 9.147e-05
0.12739 0.00146191 0.000217234 2.61514e-05 0.000104338
0.128312 0.00147249 0.000269532 3.17197e-05 0.000100286
0.129235 0.00148306 0.000286333 3.34778e-05 8.35575e-05
0.130157 0.00149364 0.00025456 3.00383e-05 6.38052e-05
0.131079 0.00150422 0.000176402 2.16202e-05 4.83577e-05
0.132002 0.00151479 0.000106713 1.40526e-05 4.02371e-05
0.132924 0.00152537 5.97893e-05 8.86062e-06 4.38434e-05
0.133846 0.00153594 3.76635e-05 6.3035e-06 7.03586e-05
0.134769 0.00154652 7.54703e-05 1.05451e-05 0.000134372
0.135691 0.00155709 0.000169219 2.06929e-05 0.000243181
0.136613 0.00156766 0.00036487 4.15612e-05 0.000389866
0.137535 0.00157824 0.000546809 6.09151e-05 0.000558805
0.138457 0.00158881 0.000732692 8.07429e-05 0.000739205
0.13938 0.00159938 0.000865898 9.48492e-05 0.000932179
0.140302 0.00160995 0.000969806 0.000105843 0.00114182
0.141224 0.00162053 0.000981341 0.000107032 0.00135701
0.142146 0.0016311 0.000950997 0.000103797 0.00154218
0.143068 0.00164167 0.00206098 0.000222087 0.00164916
0.14399 0.00165224 0.00522178 0.000558253 0.0016438
0.144913 0.00166281 0.00821547 0.000876481 0.00152685
0.145835 0.00167338 0.00839554 0.000895575 0.00133289
0.146757 0.00168395 0.00684046 0.000730338 0.00110906
0.147679 0.00169452 0.00495171 0.000529753 0.00089103
0.148601 0.00170508 0.00334437 0.000358294 0.000693251
0.149523 0.00171565 0.00222565 0.000239122 0.000516228
0.150445 0.00172622 0.00139335 0.000150543 0.000359796
0.151367 0.00173679 0.000846251 9.23387e-05 0.000229702
0.152289 0.00174735 0.000491594 5.45927e-05 0.000133369
0.153211 0.00175792 0.000254628 2.92737e-05 7.3288e-05
0.154132 0.00176849 0.000147667 1.78129e-05 4.37312e-05
0.155054 0.00177905 6.57383e-05 8.94344e-06 3.43702e-05
0.155976 0.00178962 5.77822e-05 8.04503e-06 3.57172e-05
0.156898 0.00180018 4.93512e-05 7.09756e-06 4.16033e-05
0.15782 0.00181075 5.29377e-05 7.47584e-06 4.80973e-05
0.158742 0.00182131 4.83465e-05 6.94916e-06 5.18435e-05
0.159664 0.00183187 4.84485e-05 6.94914e-06 5.02631e-05
0.160585 0.00184244 4.42908e-05 6.46714e-06 4.30301e-05
0.161507 0.001853 3.98925e-05 5.96075e-06 3.25505e-05
0.162429 0.00186356 2.86937e-05 4.66866e-06 2.24406e-05
0.163351 0.00187412 2.40603e-05 4.10939e-06 1.52957e-05
0.164272 0.00188468 1.8309e-05 3.40416e-06 1.16824e-05
0.165194 0.00189524 1.34616e-05 2.77746e-06 1.08287e-05
0.166116 0.0019058 1.24593e-05 2.63332e-06 1.18137e-05
0.167037 0.00191636 6.57089e-06 1.78532e-06 1.39796e-05
0.167959 0.00192692 9.68199e-06 2.22855e-06 1.65412e-05
0.16888 0.00193748 7.60035e-06 1.92192e-06 1.83334e-05
0.169802 0.00194804 8.68012e-06 2.06823e-06 1.82885e-05
0.170724 0.0019586 7.43669e-06 1.88085e-06 1.61987e-05
0.171645 0.00196915 6.20659e-06 1.68633e-06 1.29069e-05
0.172567 0.00197971 8.86188e-06 2.07435e-06 9.68576e-06
0.173488 0.00199027 9.95038e-06 2.21995e-06 7.41512e-06
0.17441 0.00200082 6.85412e-06 1.77249e-06 6.27931e-06
0.175331 0.00201138 6.43569e-06 1.70465e-06 6.07213e-06
0.176252 0.00202193 5.96874e-06 1.6217e-06 6.5775e-06
0.177174 0.00203249 7.44788e-06 2.02349e-06 7.60833e-06
0.178095 0.00204304 3.2948e-06 1.15282e-06 8.80557e-06
0.179017 0.00205359 3.99147e-06 1.2762e-06 9.60406e-06
0.179938 0.00206415 7.16326e-06 1.77368e-06 9.5284e-06
0.180859 0.0020747 4.60259e-06 1.36711e-06 8.53583e-06
0.181781 0.00208525 5.22871e-06 1.46002e-06 7.04747e-06
0.182702 0.0020958 5.85188e-06 1.54972e-06 5.63322e-06
0.183623 0.00210635 3.39833e-06 1.13382e-06 4.66423e-06
0.184544 0.0021169 4.55346e-06 9.09485e-07 4.21751e-06
0.186387 0.002138 4.38206e-06 1.06377e-06 4.54059e-06
0.188229 0.0021591 3.24487e-06 8.81529e-07 5.63113e-06
0.190071 0.00218019 2.99582e-06 8.36511e-07 5.82749e-06
0.191913 0.00220129 4.87818e-06 1.1049e-06 4.61291e-06
0.193755 0.00222238 2.66885e-06 7.67723e-07 3.47731e-06
0.195597 0.00224347 3.18526e-06 8.43546e-07 3.26076e-06
0.197439 0.00226455 3.69476e-06 9.14817e-07 3.76568e-06
0.199281 0.00228564 3.45137e-06 8.72699e-07 4.19178e-06
0.201123 0.00230672 2.51052e-06 7.22127e-07 3.76396e-06
0.202964 0.0023278 2.48441e-06 7.1467e-07 2.97802e-06
0.204806 0.00234887 2.08417e-06 6.41177e-07 2.61507e-06
0.206647 0.00236995 3.40914e-06 8.44094e-07 2.78028e-06
0.208488 0.00239102 1.50249e-06 5.2569e-07 3.13739e-06
0.210329 0.00241209 2.30081e-06 6.61801e-07 3.1021e-06
0.21217 0.00243316 3.23011e-06 7.99862e-07 2.63794e-06
0.214011 0.00245422 3.01836e-06 7.63237e-07 2.26549e-06
0.215852 0.00247529 3.10519e-06 7.68835e-07 2.24059e-06
0.217693 0.00249635 2.45283e-06 6.66356e-07 2.46227e-06
0.219534 0.00251741 3.48013e-06 8.14571e-07 2.5831e-06
0.221374 0.00253846 3.42274e-06 8.01216e-07 2.37395e-06
0.223214 0.00255952 2.19656e-06 6.13369e-07 2.06748e-06
0.225055 0.00258057 1.58878e-06 5.07944e-07 1.94427e-06
0.226895 0.00260161 2.12412e-06 5.93119e-07 2.04127e-06
0.228735 0.00262266 2.9179e-06 7.0831e-07 2.18945e-06
0.230575 0.0026437 1.50575e-06 4.8143e-07 2.15432e-06
0.232415 0.00266474 1.35069e-06 4.50629e-07 1.95329e-06
0.234255 0.00268578 2.25622e-06 5.97479e-07 1.79637e-06
0.236094 0.00270682 2.22453e-06 5.89085e-07 1.79818e-06
0.237934 0.00272785 1.93822e-06 5.41221e-07 1.91354e-06
0.239773 0.00274888 2.15905e-06 5.71801e-07 1.97635e-06
0.241612 0.00276991 1.87617e-06 5.239e-07 1.89095e-06
0.243452 0.00279093 2.58248e-06 6.26868e-07 1.75237e-06
0.245291 0.00281195 2.79111e-06 6.53267e-07 1.69326e-06
0.24713 0.00283297 1.66816e-06 4.79824e-07 1.75531e-06
0.248968 0.00285399 1.77004e-06 4.94291e-07 1.85921e-06
0.250807 0.002875 3.48381e-06 7.3607e-07 1.88021e-06
0.252646 0.00289601 2.28351e-06 5.65383e-07 1.80293e-06
0.254484 0.00291702 2.23605e-06 5.5363e-07 1.723e-06
0.256322 0.00293803 1.98884e-06 5.14263e-07 1.73641e-06
0.258161 0.00295903 1.94838e-06 5.03839e-07 1.85273e-06
0.259999 0.00298003 2.67912e-06 6.06846e-07 1.97391e-06
0.261837 0.00300103 3.59387e-06 7.25161e-07 2.0031e-06
0.263674 0.00302202 3.63481e-06 7.25809e-07 1.95976e-06
0.265512 0.00304301 3.61274e-06 7.21434e-07 1.96386e-06
0.26735 0.003064 2.23911e-06 5.33496e-07 2.12591e-06
0.269187 0.00308498 2.71959e-06 5.97958e-07 2.42149e-06
0.271024 0.00310596 3.97273e-06 7.56928e-07 2.70563e-06
0.272862 0.00312694 5.28392e-06 9.12454e-07 2.9223e-06
0.274699 0.00314792 6.79322e-06 1.08672e-06 3.33211e-06
0.276535 0.00316889 8.31049e-06 1.25509e-06 4.54001e-06
0.278372 0.00318986 5.75189e-06 9.57296e-07 7.1852e-06
0.280209 0.00321083 6.96052e-06 1.09249e-06 1.13872e-05
0.282045 0.00323179 1.46095e-05 1.93764e-06 1.63094e-05
0.283882 0.00325275 2.6552e-05 3.21989e-06 2.02789e-05
0.285718 0.00327371 3.19363e-05 3.79412e-06 2.16623e-05
0.287554 0.00329466 4.12712e-05 4.78661e-06 1.99369e-05
0.28939 0.00331561 6.0995e-05 6.88244e-06 1.59439e-05
0.291226 0.00333656 7.70202e-05 8.58647e-06 1.11731e-05
0.293061 0.0033575 8.70473e-05 9.65039e-06 6.90521e-06
0.294897 0.00337844 7.71914e-05 8.60055e-06 3.81767e-06
0.296732 0.00339938 5.44365e-05 6.17265e-06 1.98747e-06
0.298567 0.00342031 2.81316e-05 3.36372e-06 1.09439e-06
0.299485 0.00343078 1.79899e-05 2.2745e-06 8.64656e-07
0.300402 0.00344124 1.22128e-05 1.64585e-06 7.12209e-07
0.303155 0.00347263 4.44237e-06 7.71746e-07 4.83624e-07
0.306824 0.00351447 3.44203e-06 6.50373e-07 4.22989e-07
0.310493 0.0035563 2.77851e-06 5.6681e-07 4.93312e-07
0.314161 0.00359811 1.16956e-06 3.36419e-07 4.70725e-07
0.317828 0.00363991 2.0062e-06 4.6177e-07 3.97701e-07
0.321495 0.0036817 1.17016e-06 3.36593e-07 4.07439e-07
0.325161 0.00372347 5.87661e-07 2.30742e-07 4.82732e-07
0.328827 0.00376522 6.70079e-07 2.47396e-07 4.66734e-07
0.332492 0.00380697 8.39325e-07 2.80028e-07 3.93141e-07
0.336156 0.00384869 6.72423e-07 2.48262e-07 4.30773e-07
0.33982 0.0038904 1.34261e-06 3.64765e-07 4.80279e-07
0.343483 0.0039321 5.03494e-07 2.12412e-07 4.29084e-07
0.347145 0.00397378 7.51497e-07 2.62941e-07 3.98549e-07
0.350806 0.00401545 5.00823e-07 2.11285e-07 4.3619e-07
0.354467 0.0040571 6.69573e-07 2.47209e-07 4.46256e-07
0.358128 0.00409873 7.52658e-07 2.63348e-07 4.06057e-07
0.361787 0.00414035 5.03467e-07 2.124e-07 3.92405e-07
0.365446 0.00418195 4.19937e-07 1.9304e-07 4.21261e-07
0.369104 0.00422353 5.88548e-07 2.3109e-07 4.15482e-07
0.372761 0.0042651 8.41357e-07 2.80706e-07 3.78931e-07
0.376418 0.00430665 3.37179e-07 1.72361e-07 3.82885e-07
0.380074 0.00434819 4.19676e-07 1.92919e-07 3.99592e-07
0.383729 0.00438971 4.18039e-07 1.92167e-07 3.79668e-07
0.387384 0.00443121 4.18796e-07 1.92515e-07 3.59755e-07
0.391037 0.00447269 5.85634e-07 2.29946e-07 3.67673e-07
0.39469 0.00451416 3.35446e-07 1.71476e-07 3.70539e-07
0.398343 0.00455561 6.70061e-07 2.4739e-07 3.51745e-07
0.401994 0.00459704 3.35769e-07 1.71641e-07 3.41312e-07
0.405645 0.00463845 5.02398e-07 2.11949e-07 3.48738e-07
0.409294 0.00467985 5.88078e-07 2.30905e-07 3.44735e-07
0.412943 0.00472122 4.1827e-07 1.92273e-07 3.30548e-07
0.416592 0.00476258 8.37709e-07 2.79489e-07 3.36168e-07
0.420239 0.00480392 6.6844e-07 2.46791e-07 3.66824e-07
0.423886 0.00484524 8.38696e-08 8.43426e-08 4.16026e-07
0.427531 0.00488654 6.70751e-07 2.47645e-07 4.64975e-07
0.431176 0.00492783 6.71896e-07 2.48067e-07 4.64898e-07
0.43482 0.00496909 8.37912e-07 2.79557e-07 4.00086e-07
0.438463 0.00501033 8.36224e-07 2.78993e-07 3.23402e-07
0.442106 0.00505156 4.18762e-07 1.925e-07 2.82701e-07
0.445747 0.00509276 4.19084e-07 1.92648e-07 2.71439e-07
0.449388 0.00513395 4.21083e-07 1.93567e-07 2.64412e-07
0.453028 0.00517511 6.7028e-07 2.4747e-07 2.56039e-07
0.456667 0.00521626 6.74885e-07 2.49171e-07 2.52176e-07
0.460305 0.00525738 4.1981e-07 1.92981e-07 2.49692e-07
0.463942 0.00529848 3.35711e-07 1.71611e-07 2.42749e-07
0.467578 0.00533957 8.41472e-08 8.46218e-08 2.34123e-07
0.471213 0.00538063 4.2167e-07 1.93836e-07 2.28642e-07
