#Datafile 0: 12v2b006_nobkgr_corr.refl ; 
#      Generation        Chisq_best       Fe fraction              d V1            d FeV1              d V2            d FeV2              d Pd             MgO:V             V:FeV              V:Pd            Pd:Air       FeV packing         V packing        Pd packing       MgO packing
#                  parameter range:      0.1,1               1,50              1,50              1,50              1,50              1,200             0,10              0,10              0,10              0,10            0.9,1.1           0.9,1.1           0.9,1.1           0.9,1.1     
# --------------- ----------------- ----------------- ----------------- ----------------- ----------------- ----------------- ----------------- ----------------- ----------------- ----------------- ----------------- ----------------- ----------------- ----------------- -----------------
# Startup command (/Users/pkienzle/data/joe-2sl): ./fit -S
                1           33.7371           0.24166            8.9135           37.4903            1.4802           49.3287           25.3576             5.699             9.398             3.279             1.129            1.0084            1.0726            1.0121           0.90494
                2           31.1298           0.33166            8.8939            8.0903            5.4002            5.2287           25.3576             5.699             9.398             4.239             1.029           1.00694           0.96026           1.06572           1.03302
                5           27.5467           0.60004            3.9939            8.0903            4.5672            5.7089           106.948             5.699             8.372             4.758              3.24           1.08066           1.05506            1.0503            0.9421
                6           27.4635           0.60004            4.3859            8.0903            4.5672            5.7089           106.749             5.692             8.372             8.757             3.201           1.08066           1.05506            1.0503            0.9423
                6             27.46           0.42004            3.9939            8.2373            1.1372             5.753           106.948             6.626             8.372             4.758              2.24           1.08866           1.05506           1.09022            0.9441
                8           26.6174           0.41554            4.0429            8.2226            5.5374             5.704           26.4322             3.251             9.834             6.012             6.177           0.92032            0.9837           1.08206           0.90422
#              21   Starting Levenberg-Marquardt
               21           26.6167          0.415572            4.0429            8.2226            5.5374             5.704           26.4322             3.251             9.834             6.012             6.177           0.92032            0.9837           1.08206           0.90422
               21           26.6156           0.41554            4.0432            8.2226            5.5374             5.704           26.4322             3.251             9.834             6.012             6.177           0.92032            0.9837           1.08206           0.90422
               21           26.6126           0.41554            4.0429           8.22332            5.5374             5.704           26.4322             3.251             9.834             6.012             6.177           0.92032            0.9837           1.08206           0.90422
               21           26.5994           0.41554            4.0429            8.2226           5.53785             5.704           26.4322             3.251             9.834             6.012             6.177           0.92032            0.9837           1.08206           0.90422
               21           26.5988           0.41554            4.0429            8.2226            5.5374           5.70447           26.4322             3.251             9.834             6.012             6.177           0.92032            0.9837           1.08206           0.90422
               21            25.182          0.467662           5.40287           6.78682           6.45179           4.80736           27.1342             3.251           7.19654             6.012            5.3655          0.920379          0.982543            1.0152          0.968479
               21           25.1813          0.467699           5.40287           6.78682           6.45179           4.80736           27.1342             3.251           7.19654             6.012            5.3655          0.920379          0.982543            1.0152          0.968479
               21           25.1791          0.467662           5.40331           6.78682           6.45179           4.80736           27.1342             3.251           7.19654             6.012            5.3655          0.920379          0.982543            1.0152          0.968479
               21           25.1776          0.467662           5.40287            6.7874           6.45179           4.80736           27.1342             3.251           7.19654             6.012            5.3655          0.920379          0.982543            1.0152          0.968479
               21           25.1582          0.467662           5.40287           6.78682           6.45234           4.80736           27.1342             3.251           7.19654             6.012            5.3655          0.920379          0.982543            1.0152          0.968479
               21           24.8083          0.552204            7.6174           4.56647           8.68166           2.57174           28.4755             3.251            3.6984             6.012          0.307575          0.919256          0.958492               0.9           1.00184
               21           24.8077          0.552249            7.6174           4.56647           8.68166           2.57174           28.4755             3.251            3.6984             6.012          0.307575          0.919256          0.958492               0.9           1.00184
               21           24.8037          0.552204           7.61806           4.56647           8.68166           2.57174           28.4755             3.251            3.6984             6.012          0.307575          0.919256          0.958492               0.9           1.00184
               21           24.7744          0.552204            7.6174           4.56647           8.68243           2.57174           28.4755             3.251            3.6984             6.012          0.307575          0.919256          0.958492               0.9           1.00184
               21           24.1219          0.652718           8.44738           3.92511           9.00322            2.2618           29.2455             3.251           3.74328             6.012                 0          0.921308               1.1               0.9           1.01942
               21           24.1211          0.652774           8.44738           3.92511           9.00322            2.2618           29.2455             3.251           3.74328             6.012                 0          0.921308               1.1               0.9           1.01942
               21           24.1182          0.652718           8.44812           3.92511           9.00322            2.2618           29.2455             3.251           3.74328             6.012                 0          0.921308               1.1               0.9           1.01942
               21           24.0958          0.652718           8.44738           3.92511           9.00402            2.2618           29.2455             3.251           3.74328             6.012                 0          0.921308               1.1               0.9           1.01942
               21           22.9643          0.600648           7.97625           4.53982           8.82544           2.44499           29.6683             3.251           3.37291             6.012                 0          0.918388               1.1               0.9           1.00705
               21           22.9636          0.600698           7.97625           4.53982           8.82544           2.44499           29.6683             3.251           3.37291             6.012                 0          0.918388               1.1               0.9           1.00705
               21           22.9627          0.600648           7.97695           4.53982           8.82544           2.44499           29.6683             3.251           3.37291             6.012                 0          0.918388               1.1               0.9           1.00705
               21           22.9483          0.600648           7.97625           4.53982           8.82622           2.44499           29.6683             3.251           3.37291             6.012                 0          0.918388               1.1               0.9           1.00705
               21           22.7937          0.600659           7.98132           4.54663           8.87074           2.49559           29.6536             3.251           3.37293             6.012       1.53906e-11          0.918388               1.1               0.9           1.00705
               21           22.7928          0.600709           7.98132           4.54663           8.87074           2.49559           29.6536             3.251           3.37293             6.012       1.53906e-11          0.918388               1.1               0.9           1.00705
               21           22.6713          0.600672           7.97261           4.53945           8.82596           2.45839           29.6307             3.251           3.37295             6.012       2.89222e-11          0.918389               1.1               0.9           1.00705
               21           22.6705          0.600722           7.97261           4.53945           8.82596           2.45839           29.6307             3.251           3.37295             6.012       2.89222e-11          0.918389               1.1               0.9           1.00705
               21           22.6702          0.600672           7.97331           4.53945           8.82596           2.45839           29.6307             3.251           3.37295             6.012       2.89222e-11          0.918389               1.1               0.9           1.00705
               21           22.6592          0.600672           7.97261           4.53945           8.82674           2.45839           29.6307             3.251           3.37295             6.012       2.89222e-11          0.918389               1.1               0.9           1.00705
               21           22.4648          0.600682           7.97565           4.54401           8.85679            2.4942            29.617             3.251           3.37297             6.012       4.28051e-11          0.918389               1.1               0.9           1.00705
               21           22.4639          0.600732           7.97565           4.54401           8.85679            2.4942            29.617             3.251           3.37297             6.012       4.28051e-11          0.918389               1.1               0.9           1.00705
               21           22.4012          0.600694           7.96971           4.53957           8.82895           2.47328           29.5966             3.251           3.37298             6.012       5.58117e-11          0.918389               1.1               0.9           1.00705
               21           22.4005          0.600744           7.96971           4.53957           8.82895           2.47328           29.5966             3.251           3.37298             6.012       5.58117e-11          0.918389               1.1               0.9           1.00705
               21           22.3944          0.600694           7.96971           4.53957           8.82973           2.47328           29.5966             3.251           3.37298             6.012       5.58117e-11          0.918389               1.1               0.9           1.00705
               21           22.3217          0.600704            7.9707           4.54206           8.84638           2.49605           29.5818             3.251             3.373             6.012       6.89307e-11           0.91839               1.1               0.9           1.00705
               21           22.3209          0.600754            7.9707           4.54206           8.84638           2.49605           29.5818             3.251             3.373             6.012       6.89307e-11           0.91839               1.1               0.9           1.00705
               21           22.2832          0.600716           7.96636            4.5392           8.82829           2.48449            29.563             3.251           3.37302             6.012       8.12451e-11           0.91839               1.1               0.9           1.00705
               21           22.2824          0.600766           7.96636            4.5392           8.82829           2.48449            29.563             3.251           3.37302             6.012       8.12451e-11           0.91839               1.1               0.9           1.00705
               21           22.2795          0.600716           7.96636            4.5392           8.82907           2.48449            29.563             3.251           3.37302             6.012       8.12451e-11           0.91839               1.1               0.9           1.00705
               21           22.2433          0.600726           7.96626           4.54059           8.83791           2.49967           29.5477             3.251           3.37304             6.012       9.35767e-11           0.91839               1.1               0.9           1.00704
               21           22.2424          0.600776           7.96626           4.54059           8.83791           2.49967           29.5477             3.251           3.37304             6.012       9.35767e-11           0.91839               1.1               0.9           1.00704
               21           22.2161          0.600738           7.96292           4.53873           8.82567           2.49373           29.5298             3.251           3.37306             6.012        1.0654e-10          0.918391               1.1               0.9           1.00704
               21           22.2153          0.600788           7.96292           4.53873           8.82567           2.49373           29.5298             3.251           3.37306             6.012        1.0654e-10          0.918391               1.1               0.9           1.00704
               21           22.2142          0.600738           7.96292           4.53873           8.82645           2.49373           29.5298             3.251           3.37306             6.012        1.0654e-10          0.918391               1.1               0.9           1.00704
               21           22.1895          0.600748           7.96222           4.53951           8.83059           2.50432           29.5142             3.251           3.37308             6.012       1.19231e-10          0.918391               1.1               0.9           1.00704
               21           22.1887          0.600798           7.96222           4.53951           8.83059           2.50432           29.5142             3.251           3.37308             6.012       1.19231e-10          0.918391               1.1               0.9           1.00704
               21           22.1675           0.60076           7.95952           4.53829           8.82196           2.50183           29.4971             3.251            3.3731             6.012       1.31965e-10          0.918391               1.1               0.9           1.00704
               21           22.1667           0.60081           7.95952           4.53829           8.82196           2.50183           29.4971             3.251            3.3731             6.012       1.31965e-10          0.918391               1.1               0.9           1.00704
               21            22.146           0.60077           7.95849           4.53873           8.82398            2.5096           29.4814             3.251           3.37312             6.012       1.44757e-10          0.918391               1.1               0.9           1.00704
               21           22.1452           0.60082           7.95849           4.53873           8.82398            2.5096           29.4814             3.251           3.37312             6.012       1.44757e-10          0.918391               1.1               0.9           1.00704
               21           22.1265          0.600781           7.95623           4.53793           8.81761           2.50925           29.4648             3.251           3.37314             6.012       1.57786e-10          0.918392               1.1               0.9           1.00704
               21           22.1256          0.600832           7.95623           4.53793           8.81761           2.50925           29.4648             3.251           3.37314             6.012       1.57786e-10          0.918392               1.1               0.9           1.00704
               21           22.1072          0.600792           7.95501           4.53818           8.81783           2.51525           29.4491             3.251           3.37315             6.012        1.7069e-10          0.918392               1.1               0.9           1.00704
               21           22.1072          0.600792           7.95501           4.53818           8.81783           2.51525           29.4491             3.251           3.37315             6.012        1.7069e-10          0.918392               1.1               0.9           1.00704
#              32   Starting amoeba
               32           21.9235          0.118461           6.62505           48.4271           2.58162           2.59352           3.46533           4.34434           1.80598           5.86516           3.00485           1.05037          0.965427          0.916939           1.00071
               32           19.8207          0.114009           6.87125           48.1683           2.84684           3.54585           3.10833           4.33518           1.82454           5.80516           3.11688           1.04746          0.961402          0.916201          0.999794
               32           18.0484          0.130698           5.37057            46.544            4.2328           2.85301           4.06461           4.47835           2.07727           5.49095           3.22929           1.05198          0.962221          0.919099           1.00325
               32           17.2741          0.123778           5.46848           43.6829           2.05025            2.9127                 1            4.3693           1.83645            5.6716           3.21727           1.05107          0.963796          0.919607          0.999057
               32           16.5089          0.130558           5.37447           41.5125           1.22286           2.40447                 1           4.31863           1.72284           5.69648           3.22276           1.05247          0.962984          0.922552          0.995116
               32           16.4187          0.107284           4.32155           46.8094           3.26111           2.03113           3.44429            4.2771           1.61825           5.83356           2.94676           1.04377          0.964277          0.915266           1.00303
               32           16.0772          0.102446           5.52456           41.9106           2.57865           2.25023            2.8164           4.42243           1.85416           5.39273           3.25236           1.04756          0.964963           0.91591           0.99666
               32           16.0658          0.113113           4.58318           43.8884           2.57966           3.20903                 1           3.96514           1.93637           5.72948           2.91147           1.05304          0.961861          0.915659          0.993965
               32           15.8246          0.114416           3.20056           43.0036           2.53286           3.45161           3.03421           4.19856           1.81864           5.48055           3.05021           1.05093          0.963311          0.914761          0.999924
               32           15.5404          0.107864           3.69151           44.6034           2.23757           3.56961           3.12054           4.17052           1.88611           5.56601           3.07419           1.04908          0.963065          0.912877           1.00088
               32           15.4837          0.109975           3.82994           43.9779           2.34617           3.49225           3.19226            4.1375           1.82594           5.60031           3.03403           1.04928          0.962151            0.9134          0.999117
               32           15.4333          0.110498           3.75624           43.3604           2.20998           3.81265           2.65034           4.14434           1.92433           5.56994           3.06958           1.05136          0.962669            0.9131          0.998412
               32           15.2582          0.111069           3.77122           42.6632           2.03134           4.14124           2.38556           4.11442           1.98536           5.54915            3.0862           1.05293          0.962289          0.912677          0.997029
               32           15.1631          0.112782            3.7739           42.2861           2.24895           3.92899           2.81015           4.17195           1.89771           5.57912           3.06505           1.05148          0.962161          0.913819          0.997886
               32           15.1576          0.112325           3.61897           41.7975           1.95566           4.28363           3.10315           4.13015           1.91871           5.50963           3.08464           1.05153          0.961452          0.913408          0.998051
               32           15.1512          0.111757           3.86437           41.9639           1.94176           4.32582           2.66635           4.11059           1.97065           5.55349           3.09197           1.05258          0.961609           0.91295          0.996854
               32           15.1404          0.112227           3.74466            42.102           2.03694           4.15762           2.81978           4.12939           1.93148           5.54785           3.07688           1.05194           0.96154          0.913197          0.997197
               32           15.1383          0.111151           3.70958           42.4267           2.10068           4.06934           3.08025           4.10088           1.89931            5.5467           3.06272           1.05092          0.961864           0.91348          0.998401
               32             15.13          0.112173           3.75108           42.0608           2.03725           4.16488           2.85105           4.11881           1.93337           5.53961           3.08475           1.05206          0.961635          0.913438          0.997201
               32           15.1151          0.112664           3.81217           42.1423           2.07546           4.11679           2.86594           4.11681           1.89989           5.56373           3.03914           1.05139          0.961173          0.913652          0.997228
               32           15.1049          0.113449           3.89307           42.1341           2.12574           4.04419           2.91259           4.11416           1.86288           5.58723           3.00079            1.0508          0.960664          0.914102          0.997024
               32           15.0957          0.112117           3.76748            42.161           2.10452           4.08591           3.11108           4.14342           1.88086           5.56746           3.07027           1.05125          0.961594          0.913116          0.997582
               32           15.0603          0.112224           3.78307           42.1509            2.1563           4.02136           3.36054           4.16349           1.83746           5.58683           3.07001           1.05075          0.961599          0.912945          0.997728
               32           15.0489          0.112076           3.78711           42.0489           2.07008           4.14259           3.34407           4.10349           1.85068           5.56433           3.03728           1.05046          0.960962          0.913525          0.997784
               32           15.0202             0.112           3.80833           42.0224           2.08664           4.13507           3.60622           4.09054           1.81027           5.57257           3.01748           1.04972          0.960673          0.913688          0.998078
               32           15.0144           0.11259           3.81643           41.9152           2.05942           4.15639           3.50177           4.11412           1.81646           5.58182           3.01489           1.04991          0.960431          0.913384          0.997663
               32           14.9675          0.112799           3.84911           41.8423           2.07051           4.15215           3.82713           4.11178             1.758           5.60292           2.97997           1.04883          0.959828          0.913356          0.997895
               32            14.966          0.113824            3.9523           41.8326           2.29093           3.90137           3.81567           4.15863           1.72943           5.64211           2.99236           1.04883          0.960387          0.914087          0.997829
               32           14.9366          0.115129           4.06222           41.7345           2.51488            3.6608           4.22755           4.20044           1.62302           5.70438           2.94939           1.04728          0.960101          0.914801           0.99825
               32           14.9156          0.113072           3.91659           41.8846           2.19316           3.99597            4.2469           4.14749           1.68531           5.63585           2.98335           1.04806          0.959786          0.913309          0.997937
               32           14.8829          0.113259           3.95448           41.8942           2.25047           3.92199           4.82338           4.16541           1.58893           5.66794           2.95179           1.04654          0.959178          0.913142          0.998316
               32           14.8761          0.114811           4.08609           41.5358           2.29228           3.88956           4.96908           4.13815           1.52917           5.70011           2.89009           1.04544          0.958438          0.914355          0.998423
               32           14.8667          0.113294           4.06263           41.6896           2.13629           4.06352           5.23318             4.094           1.51762           5.68505           2.87811           1.04508          0.957678          0.913214          0.998133
               32           14.8593          0.113782           4.00441           41.5155           2.05398           4.15411           4.88883           4.12274           1.58555           5.65374           2.93829           1.04678          0.958307          0.912966           0.99746
               32           14.8587          0.114823           4.12383           41.4997           2.26615           3.92329           5.37995           4.15038           1.46511           5.72393           2.86918            1.0447          0.957637          0.913538          0.998015
               32           14.8509          0.114525           4.08312           41.6219           2.16339           4.02269           4.74445            4.1221           1.56525           5.68433           2.89025           1.04628          0.958047          0.913597          0.997454
               32           14.8438          0.114635            4.0861           41.7013           2.09597           4.07817           4.49434            4.0991           1.59535           5.67025           2.87965           1.04678          0.957858          0.913619          0.997007
               32           14.8342          0.113877           4.06508           41.5534           2.08919           4.12979            4.8786           4.13518           1.56928           5.68123           2.91319           1.04655           0.95786          0.912612          0.997011
               32           14.8294          0.114052           4.09603           41.6614           2.10439           4.07602           4.96645           4.12177            1.5457           5.68902           2.89173           1.04594          0.957681          0.913028          0.997317
               32           14.8142          0.113734           4.10391           41.7686           2.01713           4.14573           5.00194           4.10659           1.54479           5.68498           2.88255           1.04588          0.957268          0.912613          0.997022
               32           14.8018          0.114845           4.17447           41.4571           2.05589           4.13267           5.10066           4.10533           1.51093            5.6996           2.85822           1.04552           0.95684            0.9132          0.996807
               32           14.7838          0.115366           4.25564           41.3285           1.96427           4.22531           5.21154           4.08098           1.48249           5.70896            2.8225           1.04514          0.955873          0.913116          0.996158
               32           14.7807          0.113885           4.09377           41.6763           1.84206           4.34043            4.8533           4.06579           1.57426           5.65258           2.86678           1.04642          0.956524          0.912393          0.996232
               32           14.7647          0.113517           4.08029           41.7374            1.6431           4.54097           4.78461           4.02742           1.59776           5.62544           2.85369           1.04677          0.955763          0.911769           0.99554
               32           14.7493          0.115118           4.23972           41.4951           1.82604           4.36057           4.91832           4.05851           1.52354           5.69264           2.80815           1.04596          0.955296          0.912429          0.995116
               32           14.7268          0.116313           4.35429           41.3246           1.74118           4.45598           4.87411           4.04175             1.496           5.71421           2.75177           1.04584          0.953974          0.912367          0.993847
               32           14.7191          0.114024           4.23542           41.5999           1.51389           4.65977           5.32606            3.9944           1.49106           5.66712            2.7657           1.04498          0.953681           0.91128          0.994796
               32           14.7013          0.114117           4.31412           41.5604           1.29384           4.87579           5.67179            3.9542           1.43254           5.67485           2.69704           1.04389          0.951763          0.910511          0.993994
               32           14.6995          0.114851           4.27166           41.4318           1.31552           4.86674           5.34148           3.95099           1.47979            5.6514           2.72011           1.04506          0.952135          0.911057           0.99344
               32           14.6862          0.115013           4.38534           41.2877           1.22408           4.97524           5.23568            3.9291           1.48685           5.66881           2.70627           1.04542          0.951633          0.910709          0.992535
               32           14.6784          0.115761           4.53786           41.0628           1.01457           5.19237           5.46121           3.87994            1.4314            5.6905           2.63257           1.04475          0.949568          0.910179          0.991032
               32            14.672          0.116137           4.49214           41.2169            1.2057           4.99272           5.39649            3.9235            1.4278           5.69823            2.6352           1.04444          0.950257          0.910826          0.991956
               32           14.6641          0.117657           4.70225           40.9995           1.03542           5.16801           5.67762           3.88042           1.33813           5.74038           2.51727           1.04311          0.947527          0.910555          0.990319
               32           14.6639          0.117157           4.62059           41.0794           1.10519           5.09955           5.34339           3.89469           1.40578           5.71573           2.59022           1.04459          0.949039          0.910715           0.99048
               32           14.6629          0.117136           4.62396           41.0746           1.05156           5.15321           5.36345           3.89478           1.40458           5.71403           2.58274           1.04445          0.948778          0.910497          0.990451
               32           14.6628          0.117019           4.62313           41.0956           1.11483           5.08257           5.46183           3.90996           1.39164            5.7228           2.59383           1.04427          0.949068          0.910548          0.990725
               32           14.6619          0.116728           4.60314           41.1781           1.06048           5.12946           5.54025           3.89031           1.38424           5.71382           2.57641           1.04389          0.948712          0.910448          0.990866
               32           14.6605          0.117484           4.69334           41.0304           1.01193           5.19264           5.53649           3.87895           1.36457            5.7296           2.54136           1.04376          0.947842          0.910426          0.990044
               32           14.6599           0.11752           4.68507           41.0523           1.04081           5.15953           5.46527            3.8825           1.37491           5.72699           2.54876           1.04392           0.94809          0.910588          0.990157
               32           14.6594          0.117728           4.70766            41.031           1.02287           5.17764           5.43837           3.87622           1.37338           5.72875           2.53757            1.0439          0.947845          0.910632          0.989956
               32           14.6593          0.117467           4.67501            41.073            1.0161           5.18034           5.43258           3.87812           1.38203           5.72079           2.55007           1.04402           0.94807          0.910544          0.990114
               32           14.6593          0.117466           4.67363            41.074                 1           5.19801           5.39505           3.87309           1.38859            5.7167           2.55004           1.04412          0.948037          0.910539          0.990044
               32           14.6592          0.117822           4.70525           41.0357           1.00282           5.19504           5.47798            3.8721           1.36486           5.72866           2.52305           1.04366          0.947567          0.910621          0.989959
               32           14.6592          0.117811           4.71105           41.0274           1.01496           5.18521           5.43282           3.87729           1.37266            5.7288           2.53699           1.04394          0.947783          0.910593          0.989848
               32           14.6589          0.117689           4.70155           41.0469           1.00052           5.19874           5.46024           3.87452           1.37137           5.72629           2.53455           1.04384          0.947726          0.910531          0.989931
               32           14.6589          0.117666           4.69671            41.058           1.00075           5.19658           5.42611           3.87447           1.37727           5.72457           2.53766           1.04393          0.947808          0.910548          0.989947
               32           14.6589          0.117599           4.68789           41.0711            1.0005           5.19644            5.4462           3.87542           1.37609           5.72303           2.53903           1.04389          0.947829          0.910521          0.990013
               32           14.6589          0.117582           4.68945            41.069            1.0012           5.19607           5.44655           3.87596           1.37636           5.72373            2.5404           1.04391          0.947849          0.910502          0.990001
               32           14.6589          0.117622           4.69202           41.0638                 1           5.19769           5.44759           3.87458            1.3753           5.72374           2.53761           1.04388          0.947798           0.91053          0.989993
               32           14.6589          0.117635           4.69515           41.0605           1.00062           5.19736           5.44411           3.87537           1.37535           5.72469            2.5381            1.0439          0.947803           0.91052          0.989965
               32           14.6589          0.117624            4.6934           41.0588                 1           5.19812           5.44638             3.875           1.37557           5.72423           2.53824           1.04389          0.947805           0.91052          0.989978
               32           14.6589          0.117594           4.68961           41.0658            1.0002           5.19736           5.44934           3.87618           1.37581           5.72388           2.53973            1.0439          0.947832          0.910499          0.989997
               32           14.6589          0.117621           4.69445           41.0579           1.00139           5.19661            5.4465           3.87709           1.37557           5.72534           2.54007           1.04392          0.947831          0.910491           0.98996
               32           14.6589          0.117621           4.69566            41.055           1.00208           5.19607           5.44596           3.87835            1.3757           5.72614            2.5413           1.04395          0.947848          0.910471          0.989944
               32           14.6589          0.117602           4.69233           41.0614            1.0019           5.19573           5.44727           3.87789             1.376           5.72504           2.54146           1.04394          0.947855           0.91048          0.989971
               32           14.6589           0.11759            4.6918           41.0626           1.00285           5.19453           5.44772           3.87934           1.37621           5.72544           2.54306           1.04396           0.94788           0.91046          0.989968
               32           14.6588          0.117588            4.6932           41.0566           1.00241           5.19595           5.44788            3.8801           1.37657           5.72596           2.54431           1.04398           0.94789          0.910438          0.989947
               32           14.6588          0.117585           4.69499            41.052           1.00351           5.19525           5.44715           3.88206           1.37696           5.72701            2.5466           1.04402          0.947919          0.910407          0.989922
               32           14.6588          0.117563           4.68937           41.0643           1.00235           5.19522           5.44551           3.88054            1.3775            5.7253           2.54547           1.04399          0.947917          0.910427          0.989966
               32           14.6588          0.117549           4.68843           41.0657            1.0031            5.1942           5.44348           3.88233           1.37825           5.72576           2.54776           1.04403          0.947953          0.910397          0.989955
               32           14.6588          0.117573           4.69408           41.0567           1.00457            5.1934            5.4487           3.88296           1.37662           5.72739           2.54739           1.04403          0.947936          0.910391          0.989921
               32           14.6588          0.117582           4.69768            41.051           1.00617           5.19218           5.45158            3.8848           1.37586           5.72899            2.5489           1.04406           0.94795          0.910361          0.989884
               32           14.6588          0.117531           4.69059           41.0637            1.0048           5.19296           5.44353           3.88491           1.37863           5.72707           2.55086           1.04408          0.947994          0.910355           0.98993
               32           14.6588          0.117508           4.69071           41.0649           1.00619           5.19158           5.44049           3.88773           1.37971           5.72804           2.55455           1.04414          0.948049          0.910306          0.989909
               32           14.6588          0.117551           4.69532           41.0539           1.00651           5.19154           5.43711           3.88795           1.37929            5.7292           2.55407           1.04415          0.948033          0.910308          0.989866
               32           14.6588          0.117565           4.69989           41.0464           1.00789           5.19061           5.42927           3.89059           1.38022             5.731           2.55718           1.04423          0.948071          0.910265          0.989804
               32           14.6587          0.117513           4.69009            41.063           1.00768           5.18954           5.44355           3.88994           1.37928            5.7288           2.55632           1.04416          0.948072           0.91028          0.989893
               32           14.6587          0.117491           4.68891           41.0654            1.0099            5.1869           5.44322           3.89395           1.38002           5.72989           2.56095           1.04423           0.94814          0.910218          0.989868
               32           14.6587          0.117516           4.69653           41.0522           1.01004           5.18808           5.44429           3.89338           1.37905           5.73166           2.55955           1.04422           0.94811          0.910224          0.989835
               32           14.6587            0.1175           4.70058           41.0454            1.0135           5.18502            5.4447           3.89891           1.37945           5.73462           2.56545           1.04432          0.948188          0.910137          0.989775
               32           14.6587           0.11749           4.69754           41.0508           1.01184           5.18653            5.4346            3.8986           1.38138           5.73357           2.56657           1.04436          0.948208          0.910127          0.989769
               32           14.6586          0.117475           4.70117           41.0451           1.01462           5.18411           5.42631           3.90454           1.38315           5.73643            2.5737           1.04449          0.948306          0.910026          0.989689
               32           14.6586          0.117499           4.70153           41.0474           1.01543           5.18263           5.43476           3.90259           1.38098           5.73593           2.57005           1.04442          0.948254          0.910076           0.98972
               32           14.6586          0.117499           4.70783           41.0399           1.02057           5.17746           5.42926            3.9103           1.38177           5.74011           2.57799           1.04456          0.948361           0.90996          0.989619
               32           14.6586          0.117499           4.70783           41.0399           1.02057           5.17746           5.42926            3.9103           1.38177           5.74011           2.57799           1.04456          0.948361           0.90996          0.989619
#              34   Starting Levenberg-Marquardt
               34           14.6586            0.1175           4.70783           41.0399           1.02057           5.17746           5.42926            3.9103           1.38177           5.74011           2.57799           1.04456          0.948361           0.90996          0.989619
               34           14.6586          0.117499            4.7082           41.0399           1.02057           5.17746           5.42926            3.9103           1.38177           5.74011           2.57799           1.04456          0.948361           0.90996          0.989619
               34           14.6585          0.117499           4.70783           41.0439           1.02057           5.17746           5.42926            3.9103           1.38177           5.74011           2.57799           1.04456          0.948361           0.90996          0.989619
               34           14.1302          0.125349           8.86343           36.6602           1.40643           4.78645           6.76513            3.9103                10           5.74011                 0           1.04091          0.933034               1.1          0.995425
               34           14.1302          0.125351           8.86343           36.6602           1.40643           4.78645           6.76513            3.9103                10           5.74011                 0           1.04091          0.933034               1.1          0.995425
               34             14.13          0.125349           8.86422           36.6602           1.40643           4.78645           6.76513            3.9103                10           5.74011                 0           1.04091          0.933034               1.1          0.995425
               34           14.1296          0.125349           8.86343           36.6638           1.40643           4.78645           6.76513            3.9103                10           5.74011                 0           1.04091          0.933034               1.1          0.995425
               34           13.7684          0.131285           17.8568           26.9246           2.22453           4.07727           5.43547            3.9103                10           5.74011                 0           1.02773          0.983445               1.1          0.990513
               34           13.7683          0.131289           17.8568           26.9246           2.22453           4.07727           5.43547            3.9103                10           5.74011                 0           1.02773          0.983445               1.1          0.990513
               34           13.7679          0.131285           17.8585           26.9246           2.22453           4.07727           5.43547            3.9103                10           5.74011                 0           1.02773          0.983445               1.1          0.990513
               34           13.7676          0.131285           17.8568           26.9272           2.22453           4.07727           5.43547            3.9103                10           5.74011                 0           1.02773          0.983445               1.1          0.990513
               34           13.0822          0.197831           16.3723           27.5258           3.45115           2.97345           5.64665            3.9103                10           5.74011                 0           1.01574               1.1               1.1          0.993072
               34           13.0821          0.197841           16.3723           27.5258           3.45115           2.97345           5.64665            3.9103                10           5.74011                 0           1.01574               1.1               1.1          0.993072
               34           13.0814          0.197831           16.3739           27.5258           3.45115           2.97345           5.64665            3.9103                10           5.74011                 0           1.01574               1.1               1.1          0.993072
               34           13.0808          0.197831           16.3723           27.5285           3.45115           2.97345           5.64665            3.9103                10           5.74011                 0           1.01574               1.1               1.1          0.993072
               34           11.7527           0.34541           19.4469           24.5451           4.36997           2.06745           5.62494            3.9103                10           5.74011                 0          0.977649               1.1               1.1           1.00168
               34           11.7527          0.345435           19.4469           24.5451           4.36997           2.06745           5.62494            3.9103                10           5.74011                 0          0.977649               1.1               1.1           1.00168
               34           11.1606          0.400574           17.7437           25.9774            4.1588           2.26155           5.44512            3.9103                10           5.74011                 0          0.921068               1.1               1.1            1.0044
               34           11.1604          0.400605           17.7437           25.9774            4.1588           2.26155           5.44512            3.9103                10           5.74011                 0          0.921068               1.1               1.1            1.0044
               34           11.1603          0.400574           17.7437           25.9799            4.1588           2.26155           5.44512            3.9103                10           5.74011                 0          0.921068               1.1               1.1            1.0044
               34           11.1239           0.50026           16.5779           27.1375           4.05541           2.36272           5.22207            3.9103                10           5.74011                 0               0.9               1.1               1.1           1.00261
               34           11.1239           0.50026           16.5779           27.1375           4.05541           2.36285           5.22207            3.9103                10           5.74011                 0               0.9               1.1               1.1           1.00261
               34           11.1112          0.500051           16.4579           27.0267           4.04538            2.3639           5.07678            3.9103                10           5.74011                 0               0.9               1.1               1.1           1.00261
               34            11.109          0.500051           16.4594           27.0267           4.04538            2.3639           5.07678            3.9103                10           5.74011                 0               0.9               1.1               1.1           1.00261
               34           11.1074          0.500051           16.4579           27.0293           4.04538            2.3639           5.07678            3.9103                10           5.74011                 0               0.9               1.1               1.1           1.00261
               34           11.1004          0.500023           16.4833           27.0537           4.01311            2.3365           5.05292            3.9103                10           5.74011                 0               0.9               1.1               1.1           1.00261
               34           11.1001          0.500023           16.4849           27.0537           4.01311            2.3365           5.05292            3.9103                10           5.74011                 0               0.9               1.1               1.1           1.00261
               34           11.0995          0.500023           16.4833           27.0563           4.01311            2.3365           5.05292            3.9103                10           5.74011                 0               0.9               1.1               1.1           1.00261
               34           11.0995          0.500023           16.4833           27.0537           4.01341            2.3365           5.05292            3.9103                10           5.74011                 0               0.9               1.1               1.1           1.00261
               34           11.0838          0.500004           16.4862           27.0584           4.05262           2.37798           5.02088            3.9103                10           5.74011                 0               0.9               1.1               1.1            1.0026
               34           11.0825          0.500004           16.4877           27.0584           4.05262           2.37798           5.02088            3.9103                10           5.74011                 0               0.9               1.1               1.1            1.0026
               34           11.0814          0.500004           16.4862            27.061           4.05262           2.37798           5.02088            3.9103                10           5.74011                 0               0.9               1.1               1.1            1.0026
               34           11.0783          0.499982            16.498           27.0711           4.01226           2.34139           5.00976            3.9103                10           5.74011                 0               0.9               1.1               1.1            1.0026
               34           11.0774          0.499982            16.498           27.0711           4.01256           2.34139           5.00976            3.9103                10           5.74011                 0               0.9               1.1               1.1            1.0026
               34            11.077          0.499963           16.4971           27.0707            4.0523           2.38319           4.98216            3.9103                10           5.74011                 0               0.9               1.1               1.1            1.0026
               34           11.0761          0.499963           16.4956           27.0733            4.0523           2.38319           4.98216            3.9103                10           5.74011                 0               0.9               1.1               1.1            1.0026
               34           11.0574          0.499942           16.5037           27.0796           4.01286           2.34716           4.97468            3.9103                10           5.74011                 0               0.9               1.1               1.1            1.0026
               34           11.0565          0.499942           16.5037           27.0796           4.01316           2.34716           4.97468            3.9103                10           5.74011                 0               0.9               1.1               1.1            1.0026
               34           11.0422          0.499924           16.5001           27.0777             4.045           2.38087           4.95393            3.9103                10           5.74011                 0               0.9               1.1               1.1            1.0026
               34           11.0414          0.499924           16.5016           27.0777             4.045           2.38087           4.95393            3.9103                10           5.74011                 0               0.9               1.1               1.1            1.0026
               34           11.0407          0.499924           16.5001           27.0803             4.045           2.38087           4.95393            3.9103                10           5.74011                 0               0.9               1.1               1.1            1.0026
               34           11.0324          0.499903           16.5059           27.0844           4.01534           2.35423           4.94722            3.9103                10           5.74011                 0               0.9               1.1               1.1            1.0026
               34           11.0318          0.499903           16.5059           27.0844           4.01564           2.35423           4.94722            3.9103                10           5.74011                 0               0.9               1.1               1.1            1.0026
               34           11.0248          0.499884           16.5025           27.0826           4.03974            2.3803           4.93077            3.9103                10           5.74011                 0               0.9               1.1               1.1            1.0026
               34           11.0243          0.499884            16.504           27.0826           4.03974            2.3803           4.93077            3.9103                10           5.74011                 0               0.9               1.1               1.1            1.0026
               34           11.0237          0.499884           16.5025           27.0852           4.03974            2.3803           4.93077            3.9103                10           5.74011                 0               0.9               1.1               1.1            1.0026
               34           11.0191          0.499864           16.5066           27.0877            4.0162           2.35957           4.92478            3.9103                10           5.74011                 0               0.9               1.1               1.1            1.0026
               34           11.0186          0.499864           16.5066           27.0877            4.0165           2.35957           4.92478            3.9103                10           5.74011                 0               0.9               1.1               1.1            1.0026
               34           11.0147          0.499844           16.5034            27.086           4.03534           2.38044           4.91127            3.9103                10           5.74011                 0               0.9               1.1               1.1            1.0026
               34           11.0143          0.499844           16.5049            27.086           4.03534           2.38044           4.91127            3.9103                10           5.74011                 0               0.9               1.1               1.1            1.0026
               34           11.0138          0.499844           16.5034           27.0886           4.03534           2.38044           4.91127            3.9103                10           5.74011                 0               0.9               1.1               1.1            1.0026
               34           11.0109          0.499824           16.5064           27.0901           4.01624           2.36398           4.90593            3.9103                10           5.74011                 0               0.9               1.1               1.1            1.0026
               34           11.0106          0.499824           16.5064           27.0901           4.01655           2.36398           4.90593            3.9103                10           5.74011                 0               0.9               1.1               1.1            1.0026
               34           11.0081          0.499804           16.5035           27.0886           4.03142           2.38094           4.89462            3.9103                10           5.74011                 0               0.9               1.1               1.1            1.0026
               34           11.0078          0.499804            16.505           27.0886           4.03142           2.38094           4.89462            3.9103                10           5.74011                 0               0.9               1.1               1.1            1.0026
               34           11.0074          0.499804           16.5035           27.0912           4.03142           2.38094           4.89462            3.9103                10           5.74011                 0               0.9               1.1               1.1            1.0026
               34           11.0054          0.499784           16.5057           27.0919            4.0158           2.36783           4.88982            3.9103                10           5.74011                 0               0.9               1.1               1.1            1.0026
               34           11.0052          0.499784           16.5057           27.0919            4.0161           2.36783           4.88982            3.9103                10           5.74011                 0               0.9               1.1               1.1            1.0026
               34           11.0035          0.499764           16.5031           27.0907           4.02784           2.38169           4.88025            3.9103                10           5.74011                 0               0.9               1.1               1.1            1.0026
               34           11.0033          0.499764           16.5046           27.0907           4.02784           2.38169           4.88025            3.9103                10           5.74011                 0               0.9               1.1               1.1            1.0026
               34            11.003          0.499764           16.5031           27.0933           4.02784           2.38169           4.88025            3.9103                10           5.74011                 0               0.9               1.1               1.1            1.0026
               34           11.0016          0.499744           16.5046           27.0934           4.01504            2.3713           4.87591            3.9103                10           5.74011                 0               0.9               1.1               1.1            1.0026
               34           11.0013          0.499744           16.5046           27.0934           4.01534            2.3713           4.87591            3.9103                10           5.74011                 0               0.9               1.1               1.1            1.0026
               34           11.0002          0.499724           16.5023           27.0925           4.02453           2.38263           4.86776            3.9103                10           5.74011                 0               0.9               1.1               1.1            1.0026
               34           11.0001          0.499724           16.5039           27.0925           4.02453           2.38263           4.86776            3.9103                10           5.74011                 0               0.9               1.1               1.1            1.0026
               34           10.9998          0.499724           16.5023           27.0951           4.02453           2.38263           4.86776            3.9103                10           5.74011                 0               0.9               1.1               1.1            1.0026
               34           10.9988          0.499704           16.5034           27.0948           4.01404           2.37447           4.86381            3.9103                10           5.74011                 0               0.9               1.1               1.1           1.00259
               34           10.9986          0.499704           16.5034           27.0948           4.01435           2.37447           4.86381            3.9103                10           5.74011                 0               0.9               1.1               1.1           1.00259
               34           10.9978          0.499685           16.5014           27.0941           4.02144           2.38373           4.85684            3.9103                10           5.74011                 0               0.9               1.1               1.1           1.00259
               34           10.9977          0.499685            16.503           27.0941           4.02144           2.38373           4.85684            3.9103                10           5.74011                 0               0.9               1.1               1.1           1.00259
               34           10.9974          0.499685           16.5014           27.0967           4.02144           2.38373           4.85684            3.9103                10           5.74011                 0               0.9               1.1               1.1           1.00259
               34           10.9966          0.499665           16.5022            27.096           4.01287            2.3774           4.85324            3.9103                10           5.74011                 0               0.9               1.1               1.1           1.00259
               34           10.9965          0.499665           16.5022            27.096           4.01317            2.3774           4.85324            3.9103                10           5.74011                 0               0.9               1.1               1.1           1.00259
               34           10.9959          0.499645           16.5004           27.0956           4.01855           2.38496           4.84724            3.9103                10           5.74011                 0               0.9               1.1               1.1           1.00259
               34           10.9959          0.499645           16.5004           27.0956           4.01855           2.38496           4.84724            3.9103                10           5.74011                 0               0.9               1.1               1.1           1.00259
#              66   Starting amoeba
               66           10.9959          0.499645           16.5004           27.0956           4.01855           2.38496           4.84724            3.9103                10           5.74011                 0               0.9               1.1               1.1           1.00259
#              77   Starting Levenberg-Marquardt
               77           10.9958          0.499645           16.5019           27.0956           4.01855           2.38496           4.84724            3.9103                10           5.74011                 0               0.9               1.1               1.1           1.00259
               77           10.9956          0.499645           16.5004           27.0982           4.01855           2.38496           4.84724            3.9103                10           5.74011                 0               0.9               1.1               1.1           1.00259
               77           10.8939          0.483305           15.7163           27.9061           3.90017           2.49469           4.88043            3.9103                10           5.74011                 0               0.9               1.1               1.1          0.999165
               77           10.8939          0.483305           15.7178           27.9061           3.90017           2.49469           4.88043            3.9103                10           5.74011                 0               0.9               1.1               1.1          0.999165
               77           10.8939          0.483305           15.7163           27.9061           3.90046           2.49469           4.88043            3.9103                10           5.74011                 0               0.9               1.1               1.1          0.999165
               77           10.2012          0.481392            15.795           28.0407           4.48562            2.8576           4.87416            3.9103                10           5.74011                 0               0.9               1.1               1.1          0.999213
               77            10.201          0.481392            15.795           28.0407           4.48562            2.8576           4.87416            3.9103                10           5.74011                 0               0.9               1.1               1.1          0.999223
               77            10.187          0.482089           15.7991            28.029           4.55999           2.79641           4.87211            3.9103                10           5.74011                 0               0.9               1.1               1.1          0.998928
               77           10.1869          0.482089           15.7991            28.029           4.55999           2.79641           4.87211            3.9103                10           5.74011                 0               0.9               1.1               1.1          0.998938
               77           10.1869          0.482089           15.7991            28.029           4.55999           2.79641           4.87211            3.9103                10           5.74011                 0               0.9               1.1               1.1          0.998938
#             737   Starting Levenberg-Marquardt
              737           10.1868          0.482089           15.7991            28.029           4.55999           2.79641           4.87211            3.9103                10           5.74011                 0               0.9               1.1               1.1          0.998948
              737           10.1868          0.482089           15.7991            28.029           4.55999           2.79641           4.87211            3.9103                10           5.74011                 0               0.9               1.1               1.1          0.998948
#           21207   Starting amoeba
            21207           10.1868          0.482089           15.7991            28.029           4.55999           2.79641           4.87211            3.9103                10           5.74011                 0               0.9               1.1               1.1          0.998948
