#F /SNSlocal/REF_L/2007_1_4B_SCI/2896/NeXus/REF_L_2896.nxs
#E 1174593565.27
#D 2007-03-22 15:59:25
#C Run Number: 2896
#C Title: MK NR4 dry 032007_No3Rep0
#C Notes: MK NR 4 DU 53 dry from air
#C Detector Angle: (0.0, 'degree')
#C Proton Charge: 33.118473053

#S 1 Spectrum ID ('bank1', (85, 150))
#N 3
#L time_of_flight(microsecond) data() Sigma()
0.0   -0.005125   0.0361657291297
200.0   0.119804400978   1.00726968241
400.0   2.0   0.060858061945
600.0   inf   nan
800.0   -inf   nan
1000.0   -inf   nan
1200.0   -inf   nan
1400.0   5.0   0.136082763488
1600.0   inf   nan
1800.0   -inf   nan
2000.0   -0.0   0.0
2200.0   -inf   nan
2400.0   nan   nan
2600.0   nan   nan
2800.0   inf   nan
3000.0   -inf   nan
3200.0   nan   nan
3400.0   nan   nan
3600.0   nan   nan
3800.0   inf   nan
4000.0   inf   nan
4200.0   nan   nan
4400.0   nan   nan
4600.0   inf   nan
4800.0   nan   nan
5000.0   0.0   0.0
5200.0   0.0   0.0
5400.0   0.0   0.0
5600.0   -0.0152918188769   0.00204102635913
5800.0   -0.00866676296403   0.000875202642243
6000.0   -0.00462075625882   0.00608895969677
6200.0   0.0197534918764   0.00892115545119
6400.0   -0.00826630627321   0.000435922177088
6600.0   -0.000761795049261   0.00380039866636
6800.0   0.00366937269373   0.00319722163589
7000.0   0.00144251628935   0.00266178141956
7200.0   -0.000174910888203   0.00187766641525
7400.0   0.00340711195432   0.00189690316001
7600.0   0.00168167334871   0.00149496944234
7800.0   0.00290030683597   0.00145785389074
8000.0   -0.000220129059614   0.00108753558826
8200.0   0.00123706017132   0.00109333486249
8400.0   0.00172001082206   0.00114525879521
8600.0   -0.000689961724824   0.000926571326782
8800.0   0.00212155475869   0.00116272911079
9000.0   -0.00016580050871   0.00102925498184
9200.0   0.00107467334243   0.00111316704554
9400.0   -0.000519252497951   0.00116081170075
9600.0   -0.00145936838536   0.00111739263798
9800.0   -0.00189451168227   0.00121094998459
10000.0   -0.00156535908355   0.00129932553976
10200.0   0.00178063733784   0.00146065691838
10400.0   0.00106269498068   0.00158587268667
10600.0   0.000171450285405   0.00170227715069
10800.0   -0.000413118281137   0.00180360804583
11000.0   0.000674426536722   0.00193097260966
11200.0   0.00300617857363   0.00199293004325
11400.0   -0.00119070501376   0.00197272768197
11600.0   -0.000485075843565   0.00205619342306
11800.0   0.00505353710339   0.00237881832061
12000.0   0.000371695182417   0.00234540089857
12200.0   0.00561748409659   0.00257722176789
12400.0   0.00684851088539   0.00258676184292
12600.0   0.00822018835169   0.00272575103557
12800.0   0.00756311007968   0.00281794685643
13000.0   0.00559243028477   0.00274363095089
13200.0   0.00598380165314   0.00293605591072
13400.0   0.0100396876692   0.00292757824866
13600.0   0.00345695282385   0.00278325342604
13800.0   0.0114260050413   0.00297645851899
14000.0   0.0090788476878   0.00298076189725
14200.0   0.00390982231181   0.00283895993767
14400.0   0.0150893397443   0.00312956152182
14600.0   -0.00193815300714   0.00285667360023
14800.0   0.00262970769348   0.00301019562804
15000.0   0.0102326910775   0.00319042739819
15200.0   -0.00176289752036   0.00301901870013
15400.0   0.00305059367972   0.00300219201463
15600.0   0.00297947160505   0.00287014461114
15800.0   0.00311296320527   0.00263657351123
16000.0   -0.00182345757152   0.0024530879138
16200.0   0.00231890056116   0.00242548916181
16400.0   -0.00100333341422   0.0023807874794
16600.0   0.00654402143785   0.00253905586363
16800.0   -0.000232249654609   0.00241903255839
17000.0   0.00634320915224   0.00268236215592
17200.0   -0.00217335259172   0.00238304212981
17400.0   0.00172355330427   0.00248644693519
17600.0   -0.00145589436798   0.00241230813892
17800.0   0.00650595524219   0.00280125695785
18000.0   0.00365144068931   0.00260261611765
18200.0   0.00269367701828   0.0025887472562
18400.0   0.00793097768305   0.00274922772349
18600.0   0.00766672819878   0.00282399764908
18800.0   0.00724598278302   0.00274766892549
19000.0   0.0134804990838   0.00322571499514
19200.0   0.0110394859759   0.00330586709894
19400.0   0.0151184675069   0.00325055747451
19600.0   0.0129613870586   0.00318936472716
19800.0   0.0142055351268   0.00346236575844
20000.0   0.0249008380711   0.00388061164205
20200.0   0.0150446222496   0.0034678592962
20400.0   0.0174920772389   0.00367068936706
20600.0   0.0193936235426   0.00379904588583
20800.0   0.0192664128919   0.00394478449209
21000.0   0.0279794773208   0.00436977487017
21200.0   0.0283148319578   0.00458818583435
21400.0   0.0250606503422   0.00454338443828
21600.0   0.0218865452763   0.00436360632183
21800.0   0.0283354306831   0.00474308104113
22000.0   0.0266885941491   0.00503467210109
22200.0   0.0330548818045   0.00500834332448
22400.0   0.0308027351669   0.00509730353988
22600.0   0.0267556117838   0.00505572117332
22800.0   0.0345063681825   0.00541914911147
23000.0   0.0225554194566   0.00543848730543
23200.0   0.033034943971   0.00534559781081
23400.0   0.0243740813686   0.00552039024477
23600.0   0.0379931774012   0.00616554262613
23800.0   0.0247510019559   0.00574877709505
24000.0   0.0362179114035   0.00642290577721
24200.0   0.0332010031008   0.00611837263032
24400.0   0.0339646696985   0.00661006784342
24600.0   0.0318630571722   0.00659834274166
24800.0   0.0227992923191   0.00626292705199
25000.0   0.029847284615   0.0067193412056
25200.0   0.0342702568981   0.00710041890063
25400.0   0.0240598529023   0.00671763032246
25600.0   0.031395078383   0.00707881937756
25800.0   0.0106747291285   0.00639298050069
26000.0   0.0226300951382   0.0072377171853
26200.0   0.0194863828845   0.00726903336299
26400.0   0.0169117556206   0.00682676387329
26600.0   0.0186839726778   0.00728482421019
26800.0   0.013770505805   0.0073737075079
27000.0   0.0319262842969   0.00872286473538
27200.0   0.00792585630287   0.00769515962477
27400.0   0.0196732172817   0.00808102635213
27600.0   0.0126112614095   0.00822994359717
27800.0   0.0172970184851   0.00823092166782
28000.0   0.0135141821163   0.00884272974642
28200.0   0.0182891878846   0.00892505797992
28400.0   0.00458208020201   0.00766966118877
28600.0   0.0137080464773   0.00876431874281
28800.0   -0.00271973890507   0.00844913282461
29000.0   0.0134355935935   0.00948024784316
29200.0   0.00678560950963   0.00875215700763
29400.0   0.0237547846237   0.0102651974899
29600.0   0.027548304262   0.010989107064
29800.0   0.00989298469069   0.0099797694703
30000.0   0.0188567984492   0.00963474206686
30200.0   0.0273297889365   0.0117744683835
30400.0   0.0240965558677   0.0114206015122
30600.0   0.00912554426705   0.0110128882707
30800.0   0.0204633048293   0.0107826905216
31000.0   0.00636557922948   0.0104938135758
31200.0   0.011274357676   0.0117014517954
31400.0   0.01205703235   0.0119035872565
31600.0   0.0182181563261   0.0133508582705
31800.0   0.00607970975448   0.012459982042
32000.0   0.0150411540844   0.0129427452988
32200.0   0.0191279239871   0.0141734945829
32400.0   0.0192285549799   0.0143608699997
32600.0   0.0179740685574   0.0135865624852
32800.0   0.0122736908668   0.0152992685803
33000.0   -0.00800887387296   0.0121421309273
33200.0   0.0104048790366   0.0159839143175
33400.0   0.0526246357859   0.0175871161937
33600.0   0.0361546742704   0.0180581327236
33800.0   0.0277127979536   0.0174531770911
34000.0   0.0143524154983   0.0168491136196
34200.0   0.0242870920655   0.0175251101417
34400.0   0.0384704878616   0.0184249032001
34600.0   0.0658451222848   0.02098970577
34800.0   0.110776123096   0.0227015701047
35000.0   0.0327363265   0.0156539594094
35200.0   0.0478845196615   0.0236779235894
35400.0   0.0219769727158   0.0201034121582
35600.0   0.0744544601705   0.0223060244614
35800.0   0.015167158899   0.0193884903119
36000.0   0.0779821428571   0.0252236232072
36200.0   0.0909138060701   0.0263148491572
36400.0   0.133914644189   0.0313470491516
36600.0   0.0974331246964   0.0266512163716
36800.0   0.0941753857153   0.0291229250424
37000.0   0.101139860609   0.028452275148
37200.0   0.135460699258   0.0296602524152
37400.0   0.104626291636   0.0301001591827
37600.0   0.0672632764625   0.0274229138673
37800.0   0.105167568629   0.0362734187659
38000.0   0.1143063466   0.0332742832829
38200.0   0.10244456463   0.0284715878091
38400.0   0.140802523592   0.038537911814
38600.0   0.101708241012   0.0354745990608
38800.0   0.0883768222178   0.0292691464244
39000.0   0.167319743466   0.0440241237034
39200.0   0.116420271184   0.0352377824134
39400.0   0.164603768259   0.0415234590676
39600.0   0.205834776758   0.0447171588661
39800.0   0.0938637254353   0.0341358268386
40000.0   0.231273176761   0.0491796611903
40200.0   0.20437380968   0.0512964128941
40400.0   0.145928360612   0.0440009161338
40600.0   0.191099974078   0.0486110601633
40800.0   0.231323906102   0.0520433149686
41000.0   0.208331744519   0.0543881886063
41200.0   0.290766566402   0.0584319004429
41400.0   0.262836970475   0.0638814009233
41600.0   0.255142405063   0.0564019041991
41800.0   0.215579747568   0.0595199701161
42000.0   0.163521760077   0.0501559544092
42200.0   0.312717916657   0.0729873998776
42400.0   0.28989434905   0.0659519311744
42600.0   0.33985817531   0.0728585574816
42800.0   0.325448266074   0.0705872359926
43000.0   0.249864056552   0.0695796524528
43200.0   0.295247783752   0.0835656521829
43400.0   0.384383612837   0.0791599542939
43600.0   0.256013444029   0.0722665516348
43800.0   0.458422352321   0.0993911207053
44000.0   0.496467492349   0.101273493592
44200.0   0.472316163112   0.096527286265
44400.0   0.404838628468   0.083054587024
44600.0   0.435218346525   0.0990305110583
44800.0   0.552434096594   0.115699259272
45000.0   0.552020103126   0.118466021158
45200.0   0.324567804221   0.0845634080361
45400.0   0.438839537507   0.10679655221
45600.0   0.45090625   0.0967220341802
45800.0   0.54497025045   0.116141873073
46000.0   0.46151220992   0.113423073798
46200.0   0.431013526759   0.11234192918
46400.0   0.597858235594   0.124994054433
46600.0   0.566209701717   0.126838455931
46800.0   0.828829290806   0.188366732594
47000.0   0.735138087065   0.150163628755
47200.0   0.367461730153   0.100303196526
47400.0   0.77575338566   0.159292404554
47600.0   0.643592677346   0.148636558095
47800.0   0.725968516244   0.189990613364
48000.0   0.945425830604   0.222286149608
48200.0   0.849310492914   0.18435562859
48400.0   0.927389549099   0.2168970404
48600.0   0.487362828343   0.139403306783
48800.0   0.58879986986   0.132180689799
49000.0   0.97267654416   0.237406163589
49200.0   0.997814569536   0.246510027868
49400.0   1.14000707464   0.276764753054
49600.0   0.71582668048   0.184868584084
49800.0   0.662595177665   0.167624108384
50000.0   0.828195011035   0.214293552483
50200.0   0.994616243188   0.23955450995
50400.0   0.899971436732   0.212156849622
50600.0   0.853035366193   0.226360272338
50800.0   0.946471159791   0.28212155413
51000.0   1.21975172847   0.309240264341
51200.0   1.27040885171   0.2911558776
51400.0   0.679966706549   0.165810880292
51600.0   0.937168626973   0.220150345696
51800.0   1.62089794446   0.411543116895
52000.0   1.07303556658   0.286142787227
52200.0   1.32732702837   0.366555761166
52400.0   1.0151421508   0.234721996846
52600.0   2.13927683183   0.517544245411
52800.0   1.46004962779   0.357945292057
53000.0   2.66352470723   0.77865786934
53200.0   1.41444284169   0.36319732323
53400.0   1.4239608802   0.347740919462
53600.0   0.81410901769   0.211140127606
53800.0   1.8380486669   0.50831649695
54000.0   1.67738510541   0.550801471609
54200.0   1.81585677749   0.538350180182
54400.0   2.88301673876   0.939136479178
54600.0   1.18374988299   0.32448828117
54800.0   1.42375636718   0.395533315806
55000.0   1.41085512661   0.386163202578
55200.0   1.9239608802   0.538594155754
55400.0   1.88760577402   0.478448145241
55600.0   1.4504017916   0.450694771324
55800.0   2.74851554314   0.868266170943
56000.0   2.2826405868   0.712295815467
56200.0   2.55729421353   0.786262672462
56400.0   2.8407630913   0.948464266288
56600.0   1.74314760005   0.504091148032
56800.0   1.9511002445   0.56797913931
57000.0   1.56797066015   0.455991658853
57200.0   1.32799511002   0.39456159153
57400.0   1.4619804401   0.429383902766
57600.0   1.58997555012   0.45978539232
57800.0   1.39713587146   0.491395142997
58000.0   2.15141460007   0.69912637196
58200.0   1.91425078589   0.640079645851
58400.0   2.27777777778   0.64403456527
58600.0   5.27541208791   2.26755553707
58800.0   2.63594132029   0.992383916618
59000.0   1.30434782609   0.361498756839
59200.0   1.23398533007   0.375681895274
59400.0   4.04236739974   1.68219508328
59600.0   1.63997555012   0.608245406533
59800.0   2.60798696007   0.794492651184
60000.0   2.51903553299   0.891252333881
60200.0   2.3787913869   0.889585587957
60400.0   2.63636363636   0.933555123732
60600.0   2.23271838186   0.812279033699
60800.0   3.39554468894   1.28988291731
61000.0   4.05146170573   1.47087312453
61200.0   2.09331703341   0.738729923337
61400.0   2.0   0.707106781187
61600.0   2.25998370008   1.11361869481
61800.0   4.3119804401   2.14444394786
62000.0   3.01996740016   1.43102001022
62200.0   4.02995110024   2.26332529975
62400.0   8.33385579937   7.90136999786
62600.0   0.853300733496   0.758982212108
62800.0   1.66666666667   1.2171612389
63000.0   5.35807860262   10.0577919157
63200.0   -inf   nan
63400.0   inf   nan
63600.0   -inf   nan
63800.0   nan   nan
64000.0   -inf   nan
64200.0   inf   nan
64400.0   -inf   nan
64600.0   inf   nan
64800.0   nan   nan
65000.0   nan   nan
65200.0   -inf   nan
65400.0   nan   nan
65600.0   nan   nan
65800.0   nan   nan
66000.0   nan   nan
66200.0   nan   nan
66400.0   nan   nan
66600.0   nan   nan
66800.0   nan   nan
67000.0   nan   nan
67200.0   nan   nan
67400.0   nan   nan
67600.0   nan   nan
67800.0   nan   nan
68000.0   nan   nan
68200.0   nan   nan
68400.0   nan   nan
68600.0   nan   nan
68800.0   nan   nan
69000.0   nan   nan
69200.0   nan   nan
69400.0   nan   nan
69600.0   nan   nan
69800.0   nan   nan
70000.0   nan   nan
70200.0   nan   nan
70400.0   nan   nan
70600.0   nan   nan
70800.0   nan   nan
71000.0   nan   nan
71200.0   nan   nan
71400.0   nan   nan
71600.0   nan   nan
71800.0   nan   nan
72000.0   nan   nan
72200.0   nan   nan
72400.0   nan   nan
72600.0   nan   nan
72800.0   nan   nan
73000.0   nan   nan
73200.0   nan   nan
73400.0   nan   nan
73600.0   nan   nan
73800.0   nan   nan
74000.0   nan   nan
74200.0   nan   nan
74400.0   nan   nan
74600.0   nan   nan
74800.0   nan   nan
75000.0   nan   nan
75200.0   nan   nan
75400.0   nan   nan
75600.0   nan   nan
75800.0   nan   nan
76000.0   nan   nan
76200.0   nan   nan
76400.0   nan   nan
76600.0   nan   nan
76800.0   nan   nan
77000.0   nan   nan
77200.0   nan   nan
77400.0   nan   nan
77600.0   nan   nan
77800.0   nan   nan
78000.0   nan   nan
78200.0   nan   nan
78400.0   nan   nan
78600.0   nan   nan
78800.0   nan   nan
79000.0   nan   nan
79200.0   nan   nan
79400.0   nan   nan
79600.0   nan   nan
79800.0   nan   nan
80000.0   nan   nan
80200.0   nan   nan
80400.0   nan   nan
80600.0   nan   nan
80800.0   nan   nan
81000.0   nan   nan
81200.0   nan   nan
81400.0   nan   nan
81600.0   nan   nan
81800.0   nan   nan
82000.0   nan   nan
82200.0   nan   nan
82400.0   nan   nan
82600.0   nan   nan
82800.0   nan   nan
83000.0   nan   nan
83200.0   nan   nan
83400.0   nan   nan
83600.0   nan   nan
83800.0   nan   nan
84000.0   nan   nan
84200.0   nan   nan
84400.0   nan   nan
84600.0   nan   nan
84800.0   nan   nan
85000.0   nan   nan
85200.0   nan   nan
85400.0   nan   nan
85600.0   nan   nan
85800.0   nan   nan
86000.0   nan   nan
86200.0   nan   nan
86400.0   nan   nan
86600.0   nan   nan
86800.0   nan   nan
87000.0   nan   nan
87200.0   nan   nan
87400.0   nan   nan
87600.0   nan   nan
87800.0   nan   nan
88000.0   nan   nan
88200.0   nan   nan
88400.0   nan   nan
88600.0   nan   nan
88800.0   nan   nan
89000.0   nan   nan
89200.0   nan   nan
89400.0   nan   nan
89600.0   nan   nan
89800.0   nan   nan
90000.0   nan   nan
90200.0   nan   nan
90400.0   nan   nan
90600.0   nan   nan
90800.0   nan   nan
91000.0   nan   nan
91200.0   nan   nan
91400.0   nan   nan
91600.0   nan   nan
91800.0   nan   nan
92000.0   nan   nan
92200.0   nan   nan
92400.0   nan   nan
92600.0   nan   nan
92800.0   nan   nan
93000.0   nan   nan
93200.0   nan   nan
93400.0   nan   nan
93600.0   nan   nan
93800.0   nan   nan
94000.0   nan   nan
94200.0   nan   nan
94400.0   nan   nan
94600.0   nan   nan
94800.0   nan   nan
95000.0   nan   nan
95200.0   nan   nan
95400.0   nan   nan
95600.0   nan   nan
95800.0   nan   nan
96000.0   nan   nan
96200.0   nan   nan
96400.0   nan   nan
96600.0   nan   nan
96800.0   nan   nan
97000.0   nan   nan
97200.0   nan   nan
97400.0   nan   nan
97600.0   nan   nan
97800.0   nan   nan
98000.0   nan   nan
98200.0   nan   nan
98400.0   nan   nan
98600.0   nan   nan
98800.0   nan   nan
99000.0   nan   nan
99200.0   nan   nan
99400.0   nan   nan
99600.0   nan   nan
99800.0   nan   nan
100000.0   nan   nan
100200.0   nan   nan
100400.0   nan   nan
100600.0   nan   nan
100800.0   nan   nan
101000.0   nan   nan
101200.0   nan   nan
101400.0   nan   nan
101600.0   nan   nan
101800.0   nan   nan
102000.0   nan   nan
102200.0   nan   nan
102400.0   nan   nan
102600.0   nan   nan
102800.0   nan   nan
103000.0   nan   nan
103200.0   nan   nan
103400.0   nan   nan
103600.0   nan   nan
103800.0   nan   nan
104000.0   nan   nan
104200.0   nan   nan
104400.0   nan   nan
104600.0   nan   nan
104800.0   nan   nan
105000.0   nan   nan
105200.0   nan   nan
105400.0   nan   nan
105600.0   nan   nan
105800.0   nan   nan
106000.0   nan   nan
106200.0   nan   nan
106400.0   nan   nan
106600.0   nan   nan
106800.0   nan   nan
107000.0   nan   nan
107200.0   nan   nan
107400.0   nan   nan
107600.0   nan   nan
107800.0   nan   nan
108000.0   nan   nan
108200.0   nan   nan
108400.0   nan   nan
108600.0   nan   nan
108800.0   nan   nan
109000.0   nan   nan
109200.0   nan   nan
109400.0   nan   nan
109600.0   nan   nan
109800.0   nan   nan
110000.0   nan   nan
110200.0   nan   nan
110400.0   nan   nan
110600.0   nan   nan
110800.0   nan   nan
111000.0   nan   nan
111200.0   nan   nan
111400.0   nan   nan
111600.0   nan   nan
111800.0   nan   nan
112000.0   nan   nan
112200.0   nan   nan
112400.0   nan   nan
112600.0   nan   nan
112800.0   nan   nan
113000.0   nan   nan
113200.0   nan   nan
113400.0   nan   nan
113600.0   nan   nan
113800.0   nan   nan
114000.0   nan   nan
114200.0   nan   nan
114400.0   nan   nan
114600.0   nan   nan
114800.0   nan   nan
115000.0   nan   nan
115200.0   nan   nan
115400.0   nan   nan
115600.0   nan   nan
115800.0   nan   nan
116000.0   nan   nan
116200.0   nan   nan
116400.0   nan   nan
116600.0   nan   nan
116800.0   nan   nan
117000.0   nan   nan
117200.0   nan   nan
117400.0   nan   nan
117600.0   nan   nan
117800.0   nan   nan
118000.0   nan   nan
118200.0   nan   nan
118400.0   nan   nan
118600.0   nan   nan
118800.0   nan   nan
119000.0   nan   nan
119200.0   nan   nan
119400.0   nan   nan
119600.0   nan   nan
119800.0   nan   nan
120000.0   nan   nan
120200.0   nan   nan
120400.0   nan   nan
120600.0   nan   nan
120800.0   nan   nan
121000.0   nan   nan
121200.0   nan   nan
121400.0   nan   nan
121600.0   nan   nan
121800.0   nan   nan
122000.0   nan   nan
122200.0   nan   nan
122400.0   nan   nan
122600.0   nan   nan
122800.0   nan   nan
123000.0   nan   nan
123200.0   nan   nan
123400.0   nan   nan
123600.0   nan   nan
123800.0   nan   nan
124000.0   nan   nan
124200.0   nan   nan
124400.0   nan   nan
124600.0   nan   nan
124800.0   nan   nan
125000.0   nan   nan
125200.0   nan   nan
125400.0   nan   nan
125600.0   nan   nan
125800.0   nan   nan
126000.0   nan   nan
126200.0   nan   nan
126400.0   nan   nan
126600.0   nan   nan
126800.0   nan   nan
127000.0   nan   nan
127200.0   nan   nan
127400.0   nan   nan
127600.0   nan   nan
127800.0   nan   nan
128000.0   nan   nan
128200.0   nan   nan
128400.0   nan   nan
128600.0   nan   nan
128800.0   nan   nan
129000.0   nan   nan
129200.0   nan   nan
129400.0   nan   nan
129600.0   nan   nan
129800.0   nan   nan
130000.0   nan   nan
130200.0   nan   nan
130400.0   nan   nan
130600.0   nan   nan
130800.0   nan   nan
131000.0   nan   nan
131200.0   nan   nan
131400.0   nan   nan
131600.0   nan   nan
131800.0   nan   nan
132000.0   nan   nan
132200.0   nan   nan
132400.0   nan   nan
132600.0   nan   nan
132800.0   nan   nan
133000.0   nan   nan
133200.0   nan   nan
133400.0   nan   nan
133600.0   nan   nan
133800.0   nan   nan
134000.0   nan   nan
134200.0   nan   nan
134400.0   nan   nan
134600.0   nan   nan
134800.0   nan   nan
135000.0   nan   nan
135200.0   nan   nan
135400.0   nan   nan
135600.0   nan   nan
135800.0   nan   nan
136000.0   nan   nan
136200.0   nan   nan
136400.0   nan   nan
136600.0   nan   nan
136800.0   nan   nan
137000.0   nan   nan
137200.0   nan   nan
137400.0   nan   nan
137600.0   nan   nan
137800.0   nan   nan
138000.0   nan   nan
138200.0   nan   nan
138400.0   nan   nan
138600.0   nan   nan
138800.0   nan   nan
139000.0   nan   nan
139200.0   nan   nan
139400.0   nan   nan
139600.0   nan   nan
139800.0   nan   nan
140000.0   nan   nan
140200.0   nan   nan
140400.0   nan   nan
140600.0   nan   nan
140800.0   nan   nan
141000.0   nan   nan
141200.0   nan   nan
141400.0   nan   nan
141600.0   nan   nan
141800.0   nan   nan
142000.0   nan   nan
142200.0   nan   nan
142400.0   nan   nan
142600.0   nan   nan
142800.0   nan   nan
143000.0   nan   nan
143200.0   nan   nan
143400.0   nan   nan
143600.0   nan   nan
143800.0   nan   nan
144000.0   nan   nan
144200.0   nan   nan
144400.0   nan   nan
144600.0   nan   nan
144800.0   nan   nan
145000.0   nan   nan
145200.0   nan   nan
145400.0   nan   nan
145600.0   nan   nan
145800.0   nan   nan
146000.0   nan   nan
146200.0   nan   nan
146400.0   nan   nan
146600.0   nan   nan
146800.0   nan   nan
147000.0   nan   nan
147200.0   nan   nan
147400.0   nan   nan
147600.0   nan   nan
147800.0   nan   nan
148000.0   nan   nan
148200.0   nan   nan
148400.0   nan   nan
148600.0   nan   nan
148800.0   nan   nan
149000.0   nan   nan
149200.0   nan   nan
149400.0   nan   nan
149600.0   nan   nan
149800.0   nan   nan
150000.0   
