#F /SNSlocal/REF_L/2007_1_4B_SCI/2893/NeXus/REF_L_2893.nxs
#E 1174593179.87
#D 2007-03-22 15:52:59
#C Run Number: 2893
#C Title: MK NR4 dry 032007_No0Rep0
#C Notes: MK NR 4 DU 53 dry from air
#C Detector Angle: (0.0, 'degree')
#C Proton Charge: 35.6334991455

#S 1 Spectrum ID ('bank1', (87, 152))
#N 3
#L time_of_flight(microsecond) data() Sigma()
0.0   1.19589004537   0.267042598414
200.0   -0.433420365535   0.433497151853
400.0   2.5   0.0556833713554
600.0   -inf   nan
800.0   -0.0   0.0
1000.0   -2.61445783133   4.61513627859
1200.0   inf   nan
1400.0   -2.61445783133   4.61513627859
1600.0   nan   nan
1800.0   -inf   nan
2000.0   -2.30722891566   2.30763767267
2200.0   nan   nan
2400.0   nan   nan
2600.0   inf   nan
2800.0   nan   nan
3000.0   -0.0   0.0
3200.0   -inf   nan
3400.0   nan   nan
3600.0   nan   nan
3800.0   -inf   nan
4000.0   nan   nan
4200.0   nan   nan
4400.0   nan   nan
4600.0   nan   nan
4800.0   inf   nan
5000.0   0.0   0.0
5200.0   0.0   0.0
5400.0   0.0223797090638   0.0288212376616
5600.0   0.0697473252902   0.0360826669493
5800.0   0.0746580106654   0.0288822920679
6000.0   0.0311919909883   0.0150824631215
6200.0   0.015997937081   0.00972920486042
6400.0   0.0277693421378   0.00948118103676
6600.0   0.0394599640506   0.00947493531437
6800.0   0.0589496350181   0.00895856315089
7000.0   0.0402241533927   0.00592062918124
7200.0   0.0519561240562   0.0057001598011
7400.0   0.0474893602305   0.00474589981644
7600.0   0.0566916467719   0.00458551256993
7800.0   0.056850991028   0.00406955535571
8000.0   0.0598095337192   0.00364611260483
8200.0   0.0659493024585   0.00350832674879
8400.0   0.0731062479292   0.00347610398607
8600.0   0.0818814914726   0.00357293373164
8800.0   0.0909134179813   0.00362392911341
9000.0   0.0947807314022   0.00365288244662
9200.0   0.106937352136   0.00383187826048
9400.0   0.111396798755   0.00386425654989
9600.0   0.117123070153   0.00389393786623
9800.0   0.128300874145   0.00420281667516
10000.0   0.134876656897   0.00432816735171
10200.0   0.143145343951   0.00451567193166
10400.0   0.160753151077   0.00487620876968
10600.0   0.157300026117   0.0048639638993
10800.0   0.176232396822   0.0053082521555
11000.0   0.189767042436   0.00547888586839
11200.0   0.193322632174   0.00562030560138
11400.0   0.216043637824   0.0061009194858
11600.0   0.212247713372   0.00601540862713
11800.0   0.238276158374   0.00654573457149
12000.0   0.232945937958   0.00652108542691
12200.0   0.240467533211   0.00672882990732
12400.0   0.240139779218   0.00675417688603
12600.0   0.271574642731   0.00732920503382
12800.0   0.308262876645   0.0080481176385
13000.0   0.293128092358   0.00784089070375
13200.0   0.323773952008   0.00845695865601
13400.0   0.326062745584   0.00851273708182
13600.0   0.331377387955   0.00860162817169
13800.0   0.350612513547   0.00896527720953
14000.0   0.373691057175   0.00947392701881
14200.0   0.38486077616   0.00970601397472
14400.0   0.377815897859   0.00965557401414
14600.0   0.426743370256   0.010697793561
14800.0   0.418011430828   0.0106189572277
15000.0   0.440893692476   0.0111514156038
15200.0   0.443217830689   0.0115332142878
15400.0   0.469806678018   0.011993457916
15600.0   0.479395590341   0.0117362069915
15800.0   0.47301448334   0.0114203463951
16000.0   0.522955528793   0.0122382362387
16200.0   0.528433575763   0.0121497699307
16400.0   0.550987178894   0.0125913070268
16600.0   0.586410211197   0.0132239187475
16800.0   0.60225940003   0.0136238426403
17000.0   0.624270402075   0.0140971434063
17200.0   0.613857406359   0.0139176713282
17400.0   0.643045494263   0.0146302265451
17600.0   0.677672923594   0.0152994920011
17800.0   0.722523501025   0.0162977316183
18000.0   0.752913063127   0.0162931242943
18200.0   0.760131449939   0.0166047118192
18400.0   0.788338967725   0.0170829441912
18600.0   0.824197205285   0.0180019363504
18800.0   0.826865892685   0.0179879611375
19000.0   0.900605950603   0.0198960186341
19200.0   0.896157215763   0.0199712132275
19400.0   0.944209077111   0.0209744934148
19600.0   0.933165528047   0.0208573430382
19800.0   1.01328790482   0.0227582229827
20000.0   1.01812478687   0.0231998084523
20200.0   1.02239851252   0.0234074625007
20400.0   1.09216663268   0.0250183275733
20600.0   1.12309075878   0.025868758255
20800.0   1.19985645903   0.0280908322907
21000.0   1.22897407122   0.02877984301
21200.0   1.27372724829   0.0305207158281
21400.0   1.33225211613   0.0318106040568
21600.0   1.33182405776   0.0317010907947
21800.0   1.37778851861   0.0335344288227
22000.0   1.55392348139   0.0384952318681
22200.0   1.58977445762   0.0384333272335
22400.0   1.65924211801   0.0408331394651
22600.0   1.77784319745   0.0438475362468
22800.0   1.85963541395   0.0462835975017
23000.0   2.09203578093   0.0530038372989
23200.0   2.05462159775   0.0508067180909
23400.0   2.2761279083   0.0578117656624
23600.0   2.48679805182   0.0635381708455
23800.0   2.52968506724   0.065302315599
24000.0   2.55837998289   0.0674923628087
24200.0   2.62549069177   0.0686528817583
24400.0   2.78156021793   0.075525293096
24600.0   2.8466655199   0.0784648906276
24800.0   2.74170623302   0.075613497033
25000.0   2.65694527873   0.0742952470301
25200.0   2.85065728319   0.0816042507087
25400.0   2.82832868379   0.0829568375747
25600.0   2.78861485978   0.0821121967636
25800.0   2.75110096398   0.0820816348307
26000.0   3.05094451853   0.0950932501325
26200.0   2.84564440389   0.0884128835743
26400.0   2.81039874976   0.0882498317399
26600.0   2.83878175605   0.0913225683654
26800.0   2.84521924735   0.0935810268989
27000.0   3.03414631989   0.102231624305
27200.0   3.07070188897   0.106175874676
27400.0   2.9224719408   0.100343278702
27600.0   2.69913541851   0.094781039587
27800.0   2.7717978091   0.0974133413647
28000.0   2.82697596616   0.102440047937
28200.0   2.84164703363   0.106337658921
28400.0   2.70065783573   0.0994235759052
28600.0   2.8828959317   0.110730750939
28800.0   2.821864617   0.10886167997
29000.0   2.88471872226   0.113607303289
29200.0   2.6654290429   0.104662329938
29400.0   2.90291559081   0.118795990503
29600.0   2.91892544198   0.121858149427
29800.0   2.77539330915   0.116397831892
30000.0   2.82604728644   0.120344473822
30200.0   3.07026862143   0.135864931217
30400.0   2.93111843372   0.130018474627
30600.0   2.84742097738   0.128450129466
30800.0   2.7562004027   0.125911446887
31000.0   2.90113407422   0.133272912715
31200.0   2.96133833205   0.140701194995
31400.0   3.04540510529   0.147357414467
31600.0   2.95896190649   0.145365654514
31800.0   3.07797359599   0.153368676147
32000.0   2.79506108779   0.139266732887
32200.0   2.94888978768   0.152209762377
32400.0   3.00924253919   0.158106407
32600.0   2.85200266489   0.150478496808
32800.0   2.9247694736   0.156845935112
33000.0   2.77196456375   0.148393622318
33200.0   3.14747088387   0.179486365902
33400.0   3.01134441421   0.169405172299
33600.0   2.86373161708   0.163140244025
33800.0   2.9351325696   0.170703649374
34000.0   2.79790357233   0.165597677652
34200.0   2.81850908285   0.170160936529
34400.0   2.92411862455   0.175111289824
34600.0   2.93471636807   0.182921155976
34800.0   2.84355706795   0.171254267148
35000.0   2.3107566517   0.141226972832
35200.0   3.27046096786   0.218976930864
35400.0   2.88184775868   0.192435447279
35600.0   3.01341451812   0.20156765812
35800.0   2.7113540501   0.1834121139
36000.0   2.96846578272   0.20814002838
36200.0   2.94709208401   0.203783919983
36400.0   3.02998817633   0.222794786916
36600.0   2.8320492765   0.202539417132
36800.0   2.890619089   0.211962847727
37000.0   2.79231372389   0.204393595806
37200.0   2.76545350102   0.203619457893
37400.0   2.70599424003   0.204481872508
37600.0   2.8290210635   0.214957155036
37800.0   3.13394705952   0.257676974971
38000.0   3.06086762684   0.244146407104
38200.0   2.60287756471   0.205371200782
38400.0   2.9080644245   0.250344079656
38600.0   3.51894752992   0.308324764314
38800.0   2.81181977319   0.229501571535
39000.0   3.21144445659   0.286816671526
39200.0   2.73653856666   0.232809789199
39400.0   2.76827202323   0.247559256432
39600.0   3.03183999495   0.274094502532
39800.0   2.74542310215   0.243432122561
40000.0   2.89644018313   0.2700923164
40200.0   2.84773991655   0.272738872698
40400.0   2.99369702629   0.289220490246
40600.0   2.96769284365   0.290399530829
40800.0   2.88802803561   0.287720246889
41000.0   3.09217728758   0.317278941783
41200.0   2.9190534508   0.297203229112
41400.0   3.21749201637   0.347136997458
41600.0   2.6943345719   0.277583844487
41800.0   2.83171769453   0.304749107592
42000.0   2.81837629693   0.299587568981
42200.0   3.52332216522   0.405321304088
42400.0   2.74711130939   0.299390701612
42600.0   3.13447080648   0.352628660247
42800.0   3.2363995302   0.364987379502
43000.0   2.99562420919   0.351094425927
43200.0   3.84562058814   0.47996153223
43400.0   2.74035800432   0.318914750604
43600.0   2.55746729071   0.308190686581
43800.0   2.9165522593   0.364723045402
44000.0   3.36471766241   0.417277350608
44200.0   2.88091903329   0.362180745487
44400.0   2.71543903229   0.32548229359
44600.0   2.95273818455   0.386439704777
44800.0   3.31960079304   0.433505701077
45000.0   2.95713888116   0.400033770565
45200.0   2.35578344141   0.304061900764
45400.0   3.13923156956   0.435296987874
45600.0   2.53530849518   0.341476607301
45800.0   3.18345323741   0.435729136976
46000.0   2.84986362019   0.413323002601
46200.0   2.94819446745   0.435796229367
46400.0   2.59167527886   0.360536276337
46600.0   3.02356360209   0.432726777894
46800.0   3.89651123784   0.647300392341
47000.0   2.73055036521   0.412020689178
47200.0   2.31686301422   0.338931062094
47400.0   3.08887109688   0.468863618345
47600.0   2.99849049483   0.468519533466
47800.0   3.63452077529   0.630621648898
48000.0   3.63377832971   0.646485916977
48200.0   3.00493091581   0.495559565663
48400.0   2.95394574599   0.530217359342
48600.0   3.09835373575   0.513876812216
48800.0   2.26246707442   0.359943508616
49000.0   4.04951866473   0.748631356837
49200.0   3.70937738599   0.700023104676
49400.0   3.84618937644   0.753299690386
49600.0   3.23299319728   0.592604922048
49800.0   3.56329041814   0.607971139062
50000.0   2.92434424453   0.571494207111
50200.0   2.82348843689   0.546043880863
50400.0   2.49284327996   0.459115162378
50600.0   2.21678268186   0.465071886516
50800.0   3.92074886022   0.862876124366
51000.0   3.02656783543   0.631650169528
51200.0   3.53413594556   0.687144276836
51400.0   2.1467339501   0.383908887381
51600.0   2.68245838668   0.494681165023
51800.0   2.98415274463   0.667563115244
52000.0   3.14473920057   0.678460857952
52200.0   3.07666738151   0.726158299769
52400.0   2.16754161332   0.412945267602
52600.0   3.66289426805   0.843618217347
52800.0   2.95884846344   0.634235768076
53000.0   4.22294887039   1.13567706618
53200.0   2.92200477327   0.654132870982
53400.0   2.7285877093   0.5876797121
53600.0   2.22791560399   0.464041049736
53800.0   3.78483266081   0.909260607136
54000.0   3.73906100287   1.05878630807
54200.0   4.17055727972   1.07149954947
54400.0   5.16408917453   1.5664412502
54600.0   2.61542997543   0.601899783954
54800.0   3.04389181756   0.738507434587
55000.0   2.93972993742   0.701567573781
55200.0   3.39582245431   0.865494611829
55400.0   2.68925584388   0.64648280144
55600.0   3.44972577697   0.920541287744
55800.0   4.26482288312   1.28488618852
56000.0   3.42332463011   1.00617509565
56200.0   3.34221061793   0.985575320655
56400.0   4.04432189542   1.27497196015
56600.0   2.81929366497   0.753606261011
56800.0   3.23711642931   0.883085885018
57000.0   2.66749347258   0.700554295499
57200.0   1.96749347258   0.541804187748
57400.0   2.6   0.684105255059
57600.0   2.53916449086   0.670721923596
57800.0   3.00951137635   0.930767609689
58000.0   3.01572267475   0.944076217862
58200.0   2.69880641552   0.845063148956
58400.0   2.32129387874   0.654969908294
58600.0   5.36970435843   2.04033753916
58800.0   4.35665796345   1.52906753504
59000.0   1.65217391304   0.436480616233
59200.0   1.96749347258   0.541804187748
59400.0   4.82656826568   1.92449249757
59600.0   2.08333333333   0.731642621726
59800.0   2.3528788414   0.734928317285
60000.0   2.74785553047   0.957318214842
60200.0   3.22566585956   1.13371325294
60400.0   3.34393543793   1.14992266943
60600.0   3.27272727273   1.12748598356
60800.0   4.375   1.71448334054
61000.0   3.19718309859   1.14524689673
61200.0   2.6124529138   0.901734820607
61400.0   1.9819408181   0.702856800263
61600.0   4.81144465291   2.31385864696
61800.0   3.35665796345   1.71272644286
62000.0   2.26109660574   1.11399448595
62200.0   5.0   2.73861278753
62400.0   4.48609077599   3.8952006834
62600.0   2.33333333333   1.6101529718
62800.0   1.33333333333   1.01835015443
63000.0   2.55333333333   3.72640785615
63200.0   nan   nan
63400.0   nan   nan
63600.0   inf   nan
63800.0   -inf   nan
64000.0   nan   nan
64200.0   -inf   nan
64400.0   -inf   nan
64600.0   nan   nan
64800.0   nan   nan
65000.0   nan   nan
65200.0   nan   nan
65400.0   inf   nan
65600.0   nan   nan
65800.0   -inf   nan
66000.0   nan   nan
66200.0   nan   nan
66400.0   nan   nan
66600.0   nan   nan
66800.0   nan   nan
67000.0   nan   nan
67200.0   nan   nan
67400.0   nan   nan
67600.0   nan   nan
67800.0   nan   nan
68000.0   nan   nan
68200.0   nan   nan
68400.0   nan   nan
68600.0   nan   nan
68800.0   nan   nan
69000.0   nan   nan
69200.0   nan   nan
69400.0   nan   nan
69600.0   nan   nan
69800.0   nan   nan
70000.0   nan   nan
70200.0   nan   nan
70400.0   nan   nan
70600.0   nan   nan
70800.0   nan   nan
71000.0   nan   nan
71200.0   nan   nan
71400.0   nan   nan
71600.0   nan   nan
71800.0   nan   nan
72000.0   nan   nan
72200.0   nan   nan
72400.0   nan   nan
72600.0   nan   nan
72800.0   nan   nan
73000.0   nan   nan
73200.0   nan   nan
73400.0   nan   nan
73600.0   nan   nan
73800.0   nan   nan
74000.0   nan   nan
74200.0   nan   nan
74400.0   nan   nan
74600.0   nan   nan
74800.0   nan   nan
75000.0   nan   nan
75200.0   nan   nan
75400.0   nan   nan
75600.0   nan   nan
75800.0   nan   nan
76000.0   nan   nan
76200.0   nan   nan
76400.0   nan   nan
76600.0   nan   nan
76800.0   nan   nan
77000.0   nan   nan
77200.0   nan   nan
77400.0   nan   nan
77600.0   nan   nan
77800.0   nan   nan
78000.0   nan   nan
78200.0   nan   nan
78400.0   nan   nan
78600.0   nan   nan
78800.0   nan   nan
79000.0   nan   nan
79200.0   nan   nan
79400.0   nan   nan
79600.0   nan   nan
79800.0   nan   nan
80000.0   nan   nan
80200.0   nan   nan
80400.0   nan   nan
80600.0   nan   nan
80800.0   nan   nan
81000.0   nan   nan
81200.0   nan   nan
81400.0   nan   nan
81600.0   nan   nan
81800.0   nan   nan
82000.0   nan   nan
82200.0   nan   nan
82400.0   nan   nan
82600.0   nan   nan
82800.0   nan   nan
83000.0   nan   nan
83200.0   nan   nan
83400.0   nan   nan
83600.0   nan   nan
83800.0   nan   nan
84000.0   nan   nan
84200.0   nan   nan
84400.0   nan   nan
84600.0   nan   nan
84800.0   nan   nan
85000.0   nan   nan
85200.0   nan   nan
85400.0   nan   nan
85600.0   nan   nan
85800.0   nan   nan
86000.0   nan   nan
86200.0   nan   nan
86400.0   nan   nan
86600.0   nan   nan
86800.0   nan   nan
87000.0   nan   nan
87200.0   nan   nan
87400.0   nan   nan
87600.0   nan   nan
87800.0   nan   nan
88000.0   nan   nan
88200.0   nan   nan
88400.0   nan   nan
88600.0   nan   nan
88800.0   nan   nan
89000.0   nan   nan
89200.0   nan   nan
89400.0   nan   nan
89600.0   nan   nan
89800.0   nan   nan
90000.0   nan   nan
90200.0   nan   nan
90400.0   nan   nan
90600.0   nan   nan
90800.0   nan   nan
91000.0   nan   nan
91200.0   nan   nan
91400.0   nan   nan
91600.0   nan   nan
91800.0   nan   nan
92000.0   nan   nan
92200.0   nan   nan
92400.0   nan   nan
92600.0   nan   nan
92800.0   nan   nan
93000.0   nan   nan
93200.0   nan   nan
93400.0   nan   nan
93600.0   nan   nan
93800.0   nan   nan
94000.0   nan   nan
94200.0   nan   nan
94400.0   nan   nan
94600.0   nan   nan
94800.0   nan   nan
95000.0   nan   nan
95200.0   nan   nan
95400.0   nan   nan
95600.0   nan   nan
95800.0   nan   nan
96000.0   nan   nan
96200.0   nan   nan
96400.0   nan   nan
96600.0   nan   nan
96800.0   nan   nan
97000.0   nan   nan
97200.0   nan   nan
97400.0   nan   nan
97600.0   nan   nan
97800.0   nan   nan
98000.0   nan   nan
98200.0   nan   nan
98400.0   nan   nan
98600.0   nan   nan
98800.0   nan   nan
99000.0   nan   nan
99200.0   nan   nan
99400.0   nan   nan
99600.0   nan   nan
99800.0   nan   nan
100000.0   nan   nan
100200.0   nan   nan
100400.0   nan   nan
100600.0   nan   nan
100800.0   nan   nan
101000.0   nan   nan
101200.0   nan   nan
101400.0   nan   nan
101600.0   nan   nan
101800.0   nan   nan
102000.0   nan   nan
102200.0   nan   nan
102400.0   nan   nan
102600.0   nan   nan
102800.0   nan   nan
103000.0   nan   nan
103200.0   nan   nan
103400.0   nan   nan
103600.0   nan   nan
103800.0   nan   nan
104000.0   nan   nan
104200.0   nan   nan
104400.0   nan   nan
104600.0   nan   nan
104800.0   nan   nan
105000.0   nan   nan
105200.0   nan   nan
105400.0   nan   nan
105600.0   nan   nan
105800.0   nan   nan
106000.0   nan   nan
106200.0   nan   nan
106400.0   nan   nan
106600.0   nan   nan
106800.0   nan   nan
107000.0   nan   nan
107200.0   nan   nan
107400.0   nan   nan
107600.0   nan   nan
107800.0   nan   nan
108000.0   nan   nan
108200.0   nan   nan
108400.0   nan   nan
108600.0   nan   nan
108800.0   nan   nan
109000.0   nan   nan
109200.0   nan   nan
109400.0   nan   nan
109600.0   nan   nan
109800.0   nan   nan
110000.0   nan   nan
110200.0   nan   nan
110400.0   nan   nan
110600.0   nan   nan
110800.0   nan   nan
111000.0   nan   nan
111200.0   nan   nan
111400.0   nan   nan
111600.0   nan   nan
111800.0   nan   nan
112000.0   nan   nan
112200.0   nan   nan
112400.0   nan   nan
112600.0   nan   nan
112800.0   nan   nan
113000.0   nan   nan
113200.0   nan   nan
113400.0   nan   nan
113600.0   nan   nan
113800.0   nan   nan
114000.0   nan   nan
114200.0   nan   nan
114400.0   nan   nan
114600.0   nan   nan
114800.0   nan   nan
115000.0   nan   nan
115200.0   nan   nan
115400.0   nan   nan
115600.0   nan   nan
115800.0   nan   nan
116000.0   nan   nan
116200.0   nan   nan
116400.0   nan   nan
116600.0   nan   nan
116800.0   nan   nan
117000.0   nan   nan
117200.0   nan   nan
117400.0   nan   nan
117600.0   nan   nan
117800.0   nan   nan
118000.0   nan   nan
118200.0   nan   nan
118400.0   nan   nan
118600.0   nan   nan
118800.0   nan   nan
119000.0   nan   nan
119200.0   nan   nan
119400.0   nan   nan
119600.0   nan   nan
119800.0   nan   nan
120000.0   nan   nan
120200.0   nan   nan
120400.0   nan   nan
120600.0   nan   nan
120800.0   nan   nan
121000.0   nan   nan
121200.0   nan   nan
121400.0   nan   nan
121600.0   nan   nan
121800.0   nan   nan
122000.0   nan   nan
122200.0   nan   nan
122400.0   nan   nan
122600.0   nan   nan
122800.0   nan   nan
123000.0   nan   nan
123200.0   nan   nan
123400.0   nan   nan
123600.0   nan   nan
123800.0   nan   nan
124000.0   nan   nan
124200.0   nan   nan
124400.0   nan   nan
124600.0   nan   nan
124800.0   nan   nan
125000.0   nan   nan
125200.0   nan   nan
125400.0   nan   nan
125600.0   nan   nan
125800.0   nan   nan
126000.0   nan   nan
126200.0   nan   nan
126400.0   nan   nan
126600.0   nan   nan
126800.0   nan   nan
127000.0   nan   nan
127200.0   nan   nan
127400.0   nan   nan
127600.0   nan   nan
127800.0   nan   nan
128000.0   nan   nan
128200.0   nan   nan
128400.0   nan   nan
128600.0   nan   nan
128800.0   nan   nan
129000.0   nan   nan
129200.0   nan   nan
129400.0   nan   nan
129600.0   nan   nan
129800.0   nan   nan
130000.0   nan   nan
130200.0   nan   nan
130400.0   nan   nan
130600.0   nan   nan
130800.0   nan   nan
131000.0   nan   nan
131200.0   nan   nan
131400.0   nan   nan
131600.0   nan   nan
131800.0   nan   nan
132000.0   nan   nan
132200.0   nan   nan
132400.0   nan   nan
132600.0   nan   nan
132800.0   nan   nan
133000.0   nan   nan
133200.0   nan   nan
133400.0   nan   nan
133600.0   nan   nan
133800.0   nan   nan
134000.0   nan   nan
134200.0   nan   nan
134400.0   nan   nan
134600.0   nan   nan
134800.0   nan   nan
135000.0   nan   nan
135200.0   nan   nan
135400.0   nan   nan
135600.0   nan   nan
135800.0   nan   nan
136000.0   nan   nan
136200.0   nan   nan
136400.0   nan   nan
136600.0   nan   nan
136800.0   nan   nan
137000.0   nan   nan
137200.0   nan   nan
137400.0   nan   nan
137600.0   nan   nan
137800.0   nan   nan
138000.0   nan   nan
138200.0   nan   nan
138400.0   nan   nan
138600.0   nan   nan
138800.0   nan   nan
139000.0   nan   nan
139200.0   nan   nan
139400.0   nan   nan
139600.0   nan   nan
139800.0   nan   nan
140000.0   nan   nan
140200.0   nan   nan
140400.0   nan   nan
140600.0   nan   nan
140800.0   nan   nan
141000.0   nan   nan
141200.0   nan   nan
141400.0   nan   nan
141600.0   nan   nan
141800.0   nan   nan
142000.0   nan   nan
142200.0   nan   nan
142400.0   nan   nan
142600.0   nan   nan
142800.0   nan   nan
143000.0   nan   nan
143200.0   nan   nan
143400.0   nan   nan
143600.0   nan   nan
143800.0   nan   nan
144000.0   nan   nan
144200.0   nan   nan
144400.0   nan   nan
144600.0   nan   nan
144800.0   nan   nan
145000.0   nan   nan
145200.0   nan   nan
145400.0   nan   nan
145600.0   nan   nan
145800.0   nan   nan
146000.0   nan   nan
146200.0   nan   nan
146400.0   nan   nan
146600.0   nan   nan
146800.0   nan   nan
147000.0   nan   nan
147200.0   nan   nan
147400.0   nan   nan
147600.0   nan   nan
147800.0   nan   nan
148000.0   nan   nan
148200.0   nan   nan
148400.0   nan   nan
148600.0   nan   nan
148800.0   nan   nan
149000.0   nan   nan
149200.0   nan   nan
149400.0   nan   nan
149600.0   nan   nan
149800.0   nan   nan
150000.0   
